144 3 450

10000 1e-05 1e-15

1 1 1

4 4 4 4 4 4 4 4 4 4 4 4 4 4 4 4 4 4 4 4 4 4 4 4 4 4 4 4 4 4 4 4 4 4 4 4 4 4 4 4 4 4 4 4 4 4 4 4 4 4 4 4 4 4 4 4 4 4 4 4 4 4 4 4 4 4 4 4 4 4 4 4 4 4 4 4 4 4 4 4 4 4 4 4 4 4 4 4 4 4 4 4 4 4 4 4 4 4 4 4 4 4 4 4 4 4 4 4 4 4 4 4 4 4 4 4 4 4 4 4 4 4 4 4 4 4 4 4 4 4 4 4 4 4 4 4 4 4 4 4 4 4 4 4 4 4 4 4 4 4 4 4 4 4 4 4 4 4 4 4 4 4 4 4 4 4 4 4 4 4 4 4 4 4 4 4 4 4 4 4 4 4 4 4 4 4 4 4 4 4 4 4 4 4 4 4 4 4 4 4 4 4 4 4 4 4 4 4 4 4 4 4 4 4 4 4 4 4 4 4 4 4 4 4 4 4 4 4 4 4 4 4 4 4 4 4 4 4 4 4 4 4 4 4 4 4 4 4 4 4 4 4 4 4 4 4 4 4 4 4 4 4 4 4 4 4 4 4 4 4 4 4 4 4 4 4 4 4 4 4 4 4 4 4 4 4 4 4 4 4 4 4 4 4 4 4 4 4 4 4 4 4 4 4 4 4 4 4 4 4 4 4 4 4 4 4 4 4 4 4 4 4 4 4 4 4 4 4 4 4 4 4 4 4 4 4 4 4 4 4 4 4 4 4 4 4 4 4 4 4 4 4 4 4 4 4 4 4 4 4 4 4 4 4 4 4 4 4 4 4 4 4 4 4 4 4 4 4 4 4 4 4 4 4 4 4 4 4 4 4 4 4 4 4 4 4 4 4 4 4 4 4 4 4 4 4 4 4 4 4 4 4 4 4 4 4 4 4 4 4 4 4 4 4 4 4 4 4 4 4 4 4 4 4 4 4 4 4 4 4 4 4 4 4 4 4 4 4 4 4 

   0    0    0	 -5.00000000e-01   0.00000000e+00   2.00000000e-01 	1    5 0
   1    2    1	  5.00000000e-01   0.00000000e+00   2.00000000e-01 	1    7 0
  -1    2    2	  5.00000000e-01  -5.00000000e-01   5.00000000e-01 	1   12 0
  -1    2    3	  5.00000000e-01  -5.00000000e-01  -5.00000000e-01 	1   13 0
  -1    2    4	 -5.00000000e-01  -5.00000000e-01   5.00000000e-01 	1   16 0
  -1    2    5	  5.00000000e-01  -1.40703000e-01   1.42136100e-01 	2   12 0
  -1    2    6	  5.00000000e-01  -1.99998900e-01  -6.60860200e-04 	2   12 0
   2    1    7	  5.00000000e-01  -1.40070500e-01  -1.42759400e-01 	2   12 0
  -1    2    8	 -5.00000000e-01  -1.40703000e-01   1.42136100e-01 	2   10 0
   3    2    9	 -5.00000000e-01  -1.99998900e-01  -6.60860200e-04 	2   10 0
   6    0   10	  1.59657500e-01   0.00000000e+00   2.00000000e-01 	2   14 0
   7    2   11	  3.29409500e-01   0.00000000e+00   2.00000000e-01 	2   14 0
  74    0   12	  5.00000000e-01  -5.00000000e-01   3.00000000e-01 	2   17 0
  10    2   13	  5.00000000e-01  -5.00000000e-01   1.00000000e-01 	2   17 0
   8    1   14	  5.00000000e-01  -5.00000000e-01  -1.00000000e-01 	2   17 0
   9    0   15	  5.00000000e-01  -5.00000000e-01  -3.00000000e-01 	2   17 0
  74    0   16	 -5.00000000e-01  -5.00000000e-01   3.00000000e-01 	2   19 0
  10    2   17	 -5.00000000e-01  -5.00000000e-01   1.00000000e-01 	2   19 0
  11    1   18	  5.00000000e-01  -3.00000000e-01  -5.00000000e-01 	2   21 0
  12    0   19	  5.00000000e-01   1.00000000e-01   5.00000000e-01 	2   20 0
  73    1   20	  5.00000000e-01  -1.00000000e-01   5.00000000e-01 	2   20 0
  11    1   21	  5.00000000e-01  -3.00000000e-01   5.00000000e-01 	2   20 0
  12    0   22	 -5.00000000e-01   1.00000000e-01   5.00000000e-01 	2   22 0
  73    1   23	 -5.00000000e-01  -1.00000000e-01   5.00000000e-01 	2   22 0
  11    1   24	 -5.00000000e-01  -3.00000000e-01   5.00000000e-01 	2   22 0
  71    0   25	  3.00000000e-01  -5.00000000e-01   5.00000000e-01 	2   26 0
  69    0   26	  1.00000000e-01  -5.00000000e-01   5.00000000e-01 	2   26 0
  13    1   27	 -1.00000000e-01  -5.00000000e-01   5.00000000e-01 	2   26 0
  70    0   28	 -3.00000000e-01  -5.00000000e-01   5.00000000e-01 	2   26 0
  71    0   29	  3.00000000e-01  -5.00000000e-01  -5.00000000e-01 	2   27 0
  69    0   30	  1.00000000e-01  -5.00000000e-01  -5.00000000e-01 	2   27 0
  13    1   31	 -1.00000000e-01  -5.00000000e-01  -5.00000000e-01 	2   27 0
  14    0   32	 -3.99733800e-01  -1.37677700e-01   1.39835700e-01 	3  100 0
  15    2   33	 -2.46060700e-01  -1.35326100e-01   1.38269900e-01 	3  100 0
  16    0   34	 -8.51705100e-02  -1.36107200e-01   1.37497700e-01 	3  100 0
  17    2   35	  7.92438000e-02  -1.39928200e-01   1.36239500e-01 	3  100 0
  -1    2   36	  2.47145100e-01  -1.45660000e-01   1.33794400e-01 	3  100 0
  -1    2   37	  4.03878400e-01  -1.45814500e-01   1.36254400e-01 	3  100 0
  -1    2   38	  3.49242900e-01  -1.96080100e-01  -3.89930000e-02 	3  100 0
  18    1   39	  3.84441500e-01  -1.06168900e-01  -1.68834000e-01 	3  100 0
  19    1   40	  2.44397500e-01  -1.25662600e-01  -1.52781500e-01 	3  100 0
  20    2   41	  7.92373300e-02  -1.31750200e-01  -1.44470700e-01 	3  100 0
  21    1   42	 -3.26419000e-01  -1.99999200e-01  -5.36625200e-04 	3  100 0
  22    2   43	 -1.65558800e-01  -1.99989900e-01  -1.85582100e-03 	3  100 0
  23    1   44	 -2.33504200e-03  -1.99902400e-01  -5.85935200e-03 	3  100 0
  -1    2   45	  1.65771500e-01  -1.99363900e-01  -1.53412600e-02 	3  100 0
  87    2   46	  5.00000000e-01  -3.59183900e-01   3.59040400e-01 	5    3 0
  86    2   47	  5.00000000e-01  -3.20513700e-01   1.74450600e-01 	5    3 0
  41    2   48	  5.00000000e-01  -3.68243000e-01  -1.72530500e-04 	5    3 0
  83    1   49	  5.00000000e-01  -3.20666200e-01  -1.74686900e-01 	5    3 0
  84    1   50	  5.00000000e-01  -3.59502000e-01  -3.58987500e-01 	5    3 0
  31    2   51	  5.00000000e-01  -7.30828000e-03   3.69501700e-01 	5    3 0
  85    2   52	  5.00000000e-01  -1.75406100e-01   3.20751200e-01 	5    3 0
  32    2   53	  5.00000000e-01  -1.76844800e-01  -3.20217200e-01 	5    3 0
  37    2   54	 -3.21439800e-01   8.94504600e-03   5.00000000e-01 	5    5 0
 113    1   55	 -3.32358100e-01  -1.99066800e-01   5.00000000e-01 	5    5 0
 112    1   56	 -3.66438500e-01  -3.66176800e-01   5.00000000e-01 	5    5 0
 111    1   57	 -1.99547600e-01  -3.31853100e-01   5.00000000e-01 	5    5 0
  45    1   58	  8.33978200e-03  -3.20788200e-01   5.00000000e-01 	5    5 0
 114    2   59	  2.10728600e-01  -3.41371500e-01   5.00000000e-01 	5    5 0
 115    2   60	  3.70189200e-01  -3.70369600e-01   5.00000000e-01 	5    5 0
  46    2   61	  3.40970500e-01  -2.11024600e-01   5.00000000e-01 	5    5 0
  38    2   62	  3.20234300e-01  -8.67025300e-03   5.00000000e-01 	5    5 0
  39    2   63	 -1.06461100e-01  -1.05134700e-01   5.00000000e-01 	5    5 0
  40    0   64	  1.45677400e-01  -1.46483600e-01   5.00000000e-01 	5    5 0
  87    2   65	 -5.00000000e-01  -3.59183900e-01   3.59040400e-01 	5    6 0
  86    2   66	 -5.00000000e-01  -3.20513700e-01   1.74450600e-01 	5    6 0
  41    2   67	 -5.00000000e-01  -3.68243000e-01  -1.72530500e-04 	5    6 0
  31    2   68	 -5.00000000e-01  -7.30828000e-03   3.69501700e-01 	5    6 0
  85    2   69	 -5.00000000e-01  -1.75406100e-01   3.20751200e-01 	5    6 0
  95    0   70	  3.70723200e-01  -5.00000000e-01   3.70558100e-01 	5    7 0
  96    0   71	  3.41930300e-01  -5.00000000e-01   2.11290800e-01 	5    7 0
  97    0   72	  3.21415400e-01  -5.00000000e-01   8.95817500e-03 	5    7 0
  33    1   73	  3.32333200e-01  -5.00000000e-01  -1.99058800e-01 	5    7 0
 101    1   74	  3.66424800e-01  -5.00000000e-01  -3.66173300e-01 	5    7 0
  98    1   75	  1.99517700e-01  -5.00000000e-01  -3.31848200e-01 	5    7 0
  43    2   76	 -8.39511900e-03  -5.00000000e-01  -3.20791000e-01 	5    7 0
  94    0   77	 -3.65969300e-01  -5.00000000e-01   3.66300400e-01 	5    7 0
  93    0   78	 -1.98594600e-01  -5.00000000e-01   3.32119100e-01 	5    7 0
  88    0   79	  9.53734800e-03  -5.00000000e-01   3.21107000e-01 	5    7 0
  89    0   80	  2.11685500e-01  -5.00000000e-01   3.41499700e-01 	5    7 0
  44    1   81	 -3.20289300e-01  -5.00000000e-01  -8.66625100e-03 	5    7 0
  90    0   82	 -3.31251800e-01  -5.00000000e-01   1.99383200e-01 	5    7 0
  91    0   83	  1.47866800e-01  -5.00000000e-01   1.47080600e-01 	5    7 0
  35    1   84	  1.06393000e-01  -5.00000000e-01  -1.05119800e-01 	5    7 0
  36    0   85	 -1.45831800e-01  -5.00000000e-01  -1.46514300e-01 	5    7 0
  92    0   86	 -1.04189600e-01  -5.00000000e-01   1.05775500e-01 	5    7 0
  45    1   87	  8.33978200e-03  -3.20788200e-01  -5.00000000e-01 	5    8 0
 114    2   88	  2.10728600e-01  -3.41371500e-01  -5.00000000e-01 	5    8 0
 115    2   89	  3.70189200e-01  -3.70369600e-01  -5.00000000e-01 	5    8 0
  46    2   90	  3.40970500e-01  -2.11024600e-01  -5.00000000e-01 	5    8 0
  40    0   91	  1.45677400e-01  -1.46483600e-01  -5.00000000e-01 	5    8 0
  47    0   92	 -3.88631200e-01  -9.47802000e-02   3.30314600e-01 	4    2 0
  48    0   93	 -2.66391900e-01  -1.02892200e-01   3.02089500e-01 	4    2 0
  49    0   94	 -1.33375200e-01  -1.42236200e-01   2.73745700e-01 	4    2 0
  50    2   95	  1.06218100e-01  -5.83214100e-02   3.08003400e-01 	4    2 0
  51    0   96	  2.61867900e-01  -1.07546500e-01   3.01316800e-01 	4    2 0
  -1    2   97	  3.90365000e-01  -9.95967700e-02   3.27942300e-01 	4    2 0
  52    1   98	  3.71069200e-01  -1.02430000e-01  -3.13205600e-01 	4    2 0
  53    2   99	  2.36159600e-01  -1.08480000e-01  -3.14207000e-01 	4    2 0
  54    1  100	  8.52676300e-02  -9.86953500e-02  -2.93202200e-01 	4    2 0
  -1    2  101	  3.84791600e-01  -3.25820000e-01   8.34820000e-02 	4    2 0
  -1    2  102	  3.55553200e-01  -2.47953700e-01  -2.16633200e-01 	4    2 0
  55    2  103	 -3.94994700e-01  -3.34357900e-01   8.69328300e-02 	4    2 0
  -1    2  104	 -1.77157400e-01  -2.77448300e-01   1.23926800e-01 	4    2 0
  -1    2  105	 -4.43931100e-03  -2.88522200e-01   1.13817500e-01 	4    2 0
  -1    2  106	  1.56386600e-01  -2.83444600e-01   1.23218400e-01 	4    2 0
  -1    2  107	  1.66656200e-01  -2.83114500e-01  -1.52581300e-01 	4    2 0
  56    1  108	  4.57362300e-03  -2.68981700e-01  -1.43721500e-01 	4    2 0
  57    2  109	 -1.54666300e-01  -2.68936500e-01  -1.39930200e-01 	4    2 0
  -1    2  110	  2.79475300e-01  -3.35985300e-01   8.64845100e-02 	4    2 0
  -1    2  111	  3.77029700e-01  -3.70616200e-01   2.58565200e-01 	4    2 0
  -1    2  112	  3.23151900e-01  -3.81262200e-01  -9.59745300e-02 	4    2 0
  -1    2  113	  3.42301300e-01  -3.79881200e-01  -3.02443900e-01 	4    2 0
  60    0  114	  3.50940200e-01   7.19374400e-02   3.35956400e-01 	4    2 0
  -1    2  115	  3.42893500e-01  -2.97914700e-01   3.55962100e-01 	4    2 0
  -1    2  116	  3.70946800e-01  -2.75764200e-01  -3.82629600e-01 	4    2 0
  -1    2  117	  3.12742600e-01  -2.85100000e-01  -6.56963300e-02 	4    2 0
  -1    2  118	 -3.70920000e-01  -3.68969900e-01   2.55857600e-01 	4    2 0
  -1    2  119	 -3.17659100e-01  -2.92018500e-01   3.55178200e-01 	4    2 0
  -1    2  120	  6.75243700e-02  -3.58255100e-01  -3.69821300e-01 	4    2 0
  64    2  121	 -1.13737000e-01  -3.41619700e-01  -3.74559900e-01 	4    2 0
  -1    2  122	 -1.04533500e-01  -3.17909700e-01   3.51847000e-01 	4    2 0
  -1    2  123	  8.83710500e-02  -3.42171900e-01   3.82556800e-01 	4    2 0
  -1    2  124	  6.75175900e-02  -3.79126800e-01  -2.43990100e-01 	4    2 0
  65    2  125	 -8.31133000e-02  -3.61341300e-01  -2.64129200e-01 	4    2 0
  -1    2  126	 -7.68060200e-02  -3.27687700e-01   2.20910800e-01 	4    2 0
  -1    2  127	  8.18038800e-02  -3.35757000e-01   2.49413300e-01 	4    2 0
  -1    2  128	 -2.78380900e-01  -3.63143500e-01   1.19399900e-01 	4    2 0
  -1    2  129	  2.43908000e-01  -3.61117400e-01   2.29105300e-01 	4    2 0
  -1    2  130	  2.02755900e-01  -3.58922600e-01  -6.35583200e-03 	4    2 0
  -1    2  131	  2.30573500e-01  -3.82006500e-01  -2.18985600e-01 	4    2 0
  -1    2  132	 -2.30491100e-01  -3.55217000e-01   2.31397700e-01 	4    2 0
  66    1  133	 -2.02639800e-01  -3.50771400e-01  -1.00757900e-02 	4    2 0
  -1    2  134	  7.12872700e-02  -3.37224100e-01   3.71533500e-03 	4    2 0
  -1    2  135	 -7.22171700e-02  -3.35911700e-01  -1.99279800e-02 	4    2 0
  -1    2  136	 -2.08545300e-01  -2.16571300e-01   3.80975700e-01 	4    2 0
  67    0  137	  9.29322800e-03  -1.90535900e-01   3.02962900e-01 	4    2 0
  -1    2  138	  1.86386800e-01  -2.45439500e-01   3.09276100e-01 	4    2 0
  68    2  139	 -1.29594200e-02  -2.48943000e-01  -3.15685400e-01 	4    2 0
  -1    2  140	  2.13005500e-01  -2.66169000e-01  -3.15599200e-01 	4    2 0
  -1    2  141	 -3.26317100e-01  -2.43613600e-01   2.07957900e-01 	4    2 0
  -1    2  142	  3.30594300e-01  -2.48524800e-01   2.18662200e-01 	4    2 0
  -1    2  143	 -2.08592200e-01  -2.41129500e-01   2.59446900e-01 	4    2 0

0

0


     0	   11 10 36 96 	4    2 0	100 0 0 0 3 0 0 0 
     1	    1 11 37 97 	4    2 0	100 0 0 0 3 0 0 0 
     2	   52 37 1 5 	4    2 0	0 0 100 3 0 0 3 5 
     3	    6 5 37 47 	4    2 0	100 3 0 0 3 5 0 0 
     4	    7 6 38 49 	4    2 0	100 3 0 0 3 5 0 0 
     5	    8 9 32 66 	4    2 0	100 6 0 0 3 5 0 0 
     6	   69 32 0 92 	4    2 0	0 0 0 0 0 0 0 0 
     7	   10 35 36 96 	4    2 0	100 0 0 0 3 0 0 0 
     8	   11 36 37 96 	4    2 0	100 0 0 0 3 0 0 0 
     9	    6 37 38 101 	4    2 0	100 0 0 0 3 0 0 0 
    10	    7 38 39 102 	4    2 0	100 0 0 0 3 0 0 0 
    11	   32 9 42 103 	4    2 0	100 0 0 0 3 0 0 0 
    12	  141 42 32 33 	4    2 0	0 0 100 0 0 0 3 0 
    13	   34 33 43 104 	4    2 0	100 0 0 0 3 0 0 0 
    14	   35 34 44 105 	4    2 0	100 0 0 0 3 0 0 0 
    15	   36 35 45 106 	4    2 0	100 0 0 0 3 0 0 0 
    16	   37 36 38 101 	4    2 0	100 0 0 0 3 0 0 0 
    17	   39 38 40 102 	4    2 0	100 0 0 0 3 0 0 0 
    18	   41 40 45 107 	4    2 0	100 0 0 0 3 0 0 0 
    19	   33 42 43 104 	4    2 0	100 0 0 0 3 0 0 0 
    20	   34 43 44 105 	4    2 0	100 0 0 0 3 0 0 0 
    21	   35 44 45 106 	4    2 0	100 0 0 0 3 0 0 0 
    22	   36 45 38 110 	4    2 0	100 0 0 0 3 0 0 0 
    23	  117 45 40 107 	4    2 0	0 0 0 0 0 0 0 0 
    24	   41 45 44 108 	4    2 0	100 0 0 0 3 0 0 0 
    25	   12 2 46 70 	4    2 0	3 7 0 0 5 5 0 0 
    26	   13 12 47 71 	4    2 0	3 7 0 0 5 5 0 0 
    27	   14 13 48 72 	4    2 0	3 7 0 0 5 5 0 0 
    28	   15 14 49 73 	4    2 0	3 7 0 0 5 5 0 0 
    29	    3 15 50 74 	4    2 0	3 7 0 0 5 5 0 0 
    30	   20 19 51 62 	4    2 0	3 5 0 0 5 5 0 0 
    31	   21 20 52 61 	4    2 0	3 5 0 0 5 5 0 0 
    32	    2 21 46 60 	4    2 0	3 5 0 0 5 5 0 0 
    33	   18 3 50 89 	4    2 0	3 8 0 0 5 5 0 0 
    34	   37 52 1 97 	4    2 0	0 0 0 0 0 0 0 0 
    35	   12 46 47 111 	4    2 0	3 0 0 0 5 0 0 0 
    36	   13 47 48 101 	4    2 0	3 0 0 0 5 0 0 0 
    37	   14 48 49 112 	4    2 0	3 0 0 0 5 0 0 0 
    38	   15 49 50 113 	4    2 0	3 0 0 0 5 0 0 0 
    39	   20 51 52 97 	4    2 0	3 0 0 0 5 0 0 0 
    40	   21 52 46 115 	4    2 0	3 0 0 0 5 0 0 0 
    41	   18 50 53 116 	4    2 0	3 0 0 0 5 0 0 0 
    42	    7 53 49 102 	4    2 0	3 0 0 0 5 0 0 0 
    43	   38 49 6 48 	4    2 0	0 0 3 0 0 0 5 0 
    44	   47 6 48 101 	4    2 0	3 0 0 0 5 0 0 0 
    45	    5 47 52 37 	4    2 0	3 0 0 0 5 0 0 0 
    46	    1 52 51 97 	4    2 0	3 0 0 0 5 0 0 0 
    47	   47 46 52 111 	4    2 0	3 0 0 0 5 0 0 0 
    48	   50 49 53 102 	4    2 0	3 0 0 0 5 0 0 0 
    49	    4 16 65 77 	4    2 0	6 7 0 0 5 5 0 0 
    50	   16 17 66 82 	4    2 0	6 7 0 0 5 5 0 0 
    51	   22 23 68 54 	4    2 0	6 5 0 0 5 5 0 0 
    52	   23 24 69 55 	4    2 0	6 5 0 0 5 5 0 0 
    53	   24 4 65 56 	4    2 0	6 5 0 0 5 5 0 0 
    54	   32 69 0 8 	4    2 0	0 0 6 100 0 0 5 3 
    55	   65 16 66 118 	4    2 0	6 0 0 0 5 0 0 0 
    56	   66 17 67 103 	4    2 0	6 0 0 0 5 0 0 0 
    57	   68 23 69 92 	4    2 0	6 0 0 0 5 0 0 0 
    58	   69 24 65 119 	4    2 0	6 0 0 0 5 0 0 0 
    59	    9 66 67 103 	4    2 0	6 0 0 0 5 0 0 0 
    60	   66 8 69 32 	4    2 0	6 0 0 0 5 0 0 0 
    61	   69 0 68 92 	4    2 0	6 0 0 0 5 0 0 0 
    62	   65 66 69 118 	4    2 0	6 0 0 0 5 0 0 0 
    63	    3 29 74 89 	4    2 0	7 8 0 0 5 5 0 0 
    64	   29 30 75 88 	4    2 0	7 8 0 0 5 5 0 0 
    65	   30 31 76 87 	4    2 0	7 8 0 0 5 5 0 0 
    66	    4 28 77 56 	4    2 0	7 5 0 0 5 5 0 0 
    67	   28 27 78 57 	4    2 0	7 5 0 0 5 5 0 0 
    68	   27 26 79 58 	4    2 0	7 5 0 0 5 5 0 0 
    69	   26 25 80 59 	4    2 0	7 5 0 0 5 5 0 0 
    70	   25 2 70 60 	4    2 0	7 5 0 0 5 5 0 0 
    71	   70 12 71 111 	4    2 0	7 0 0 0 5 0 0 0 
    72	   71 13 72 101 	4    2 0	7 0 0 0 5 0 0 0 
    73	   72 14 73 112 	4    2 0	7 0 0 0 5 0 0 0 
    74	   73 15 74 113 	4    2 0	7 0 0 0 5 0 0 0 
    75	   74 29 75 88 	4    2 0	7 0 0 0 5 0 0 0 
    76	   75 30 76 120 	4    2 0	7 0 0 0 5 0 0 0 
    77	   77 28 78 57 	4    2 0	7 0 0 0 5 0 0 0 
    78	   78 27 79 122 	4    2 0	7 0 0 0 5 0 0 0 
    79	   79 26 80 123 	4    2 0	7 0 0 0 5 0 0 0 
    80	   80 25 70 60 	4    2 0	7 0 0 0 5 0 0 0 
    81	   81 17 82 103 	4    2 0	7 0 0 0 5 0 0 0 
    82	   82 16 77 118 	4    2 0	7 0 0 0 5 0 0 0 
    83	   70 71 80 111 	4    2 0	7 0 0 0 5 0 0 0 
    84	   71 72 83 110 	4    2 0	7 0 0 0 5 0 0 0 
    85	   72 73 84 112 	4    2 0	7 0 0 0 5 0 0 0 
    86	   73 74 75 113 	4    2 0	7 0 0 0 5 0 0 0 
    87	   75 76 84 124 	4    2 0	7 0 0 0 5 0 0 0 
    88	   77 78 82 118 	4    2 0	7 0 0 0 5 0 0 0 
    89	   78 79 86 126 	4    2 0	7 0 0 0 5 0 0 0 
    90	   79 80 83 127 	4    2 0	7 0 0 0 5 0 0 0 
    91	   81 82 86 128 	4    2 0	7 0 0 0 5 0 0 0 
    92	   80 71 83 129 	4    2 0	7 0 0 0 5 0 0 0 
    93	   83 72 84 130 	4    2 0	7 0 0 0 5 0 0 0 
    94	   84 73 75 131 	4    2 0	7 0 0 0 5 0 0 0 
    95	   84 76 85 124 	4    2 0	7 0 0 0 5 0 0 0 
    96	   82 78 86 132 	4    2 0	7 0 0 0 5 0 0 0 
    97	  126 83 86 105 	4    2 0	0 0 0 0 0 0 0 0 
    98	   85 81 86 133 	4    2 0	7 0 0 0 5 0 0 0 
    99	   83 84 86 134 	4    2 0	7 0 0 0 5 0 0 0 
   100	   84 85 86 135 	4    2 0	7 0 0 0 5 0 0 0 
   101	   23 54 55 92 	4    2 0	5 0 0 0 5 0 0 0 
   102	   24 55 56 119 	4    2 0	5 0 0 0 5 0 0 0 
   103	   28 56 57 77 	4    2 0	5 0 0 0 5 0 0 0 
   104	   27 57 58 122 	4    2 0	5 0 0 0 5 0 0 0 
   105	   26 58 59 123 	4    2 0	5 0 0 0 5 0 0 0 
   106	   25 59 60 80 	4    2 0	5 0 0 0 5 0 0 0 
   107	   21 60 61 115 	4    2 0	5 0 0 0 5 0 0 0 
   108	   20 61 62 97 	4    2 0	5 0 0 0 5 0 0 0 
   109	   55 54 63 93 	4    2 0	5 0 0 0 5 0 0 0 
   110	   56 55 57 119 	4    2 0	5 0 0 0 5 0 0 0 
   111	   58 57 63 122 	4    2 0	5 0 0 0 5 0 0 0 
   112	   59 58 64 123 	4    2 0	5 0 0 0 5 0 0 0 
   113	   60 59 61 115 	4    2 0	5 0 0 0 5 0 0 0 
   114	   62 61 64 96 	4    2 0	5 0 0 0 5 0 0 0 
   115	   55 63 57 136 	4    2 0	5 0 0 0 5 0 0 0 
   116	   58 63 64 137 	4    2 0	5 0 0 0 5 0 0 0 
   117	   59 64 61 138 	4    2 0	5 0 0 0 5 0 0 0 
   118	   87 30 88 120 	4    2 0	8 0 0 0 5 0 0 0 
   119	   88 29 89 74 	4    2 0	8 0 0 0 5 0 0 0 
   120	   89 18 90 116 	4    2 0	8 0 0 0 5 0 0 0 
   121	   87 88 91 120 	4    2 0	8 0 0 0 5 0 0 0 
   122	   88 89 90 116 	4    2 0	8 0 0 0 5 0 0 0 
   123	   91 88 90 140 	4    2 0	8 0 0 0 5 0 0 0 
   124	   37 97 11 96 	4    2 0	0 0 0 0 0 0 0 0 
   125	  114 1 97 11 	4    2 0	0 0 0 0 0 0 0 0 
   126	    6 47 37 101 	4    2 0	0 0 0 0 0 0 0 0 
   127	   49 38 117 48 	4    2 0	0 0 0 0 0 0 0 0 
   128	    7 49 38 102 	4    2 0	0 0 0 0 0 0 0 0 
   129	   98 102 7 39 	4    2 0	0 0 0 0 0 0 0 0 
   130	   32 66 9 103 	4    2 0	0 0 0 0 0 0 0 0 
   131	   33 93 32 141 	4    2 0	0 0 0 0 0 0 0 0 
   132	   34 94 33 104 	4    2 0	0 0 0 0 0 0 0 0 
   133	   36 96 138 142 	4    2 0	0 0 0 0 0 0 0 0 
   134	   37 96 36 142 	4    2 0	0 0 0 0 0 0 0 0 
   135	   38 101 48 6 	4    2 0	0 0 0 0 0 0 0 0 
   136	   41 100 40 107 	4    2 0	0 0 0 0 0 0 0 0 
   137	   42 141 32 103 	4    2 0	0 0 0 0 0 0 0 0 
   138	   34 104 43 105 	4    2 0	0 0 0 0 0 0 0 0 
   139	   35 105 44 106 	4    2 0	0 0 0 0 0 0 0 0 
   140	   34 105 35 137 	4    2 0	0 0 0 0 0 0 0 0 
   141	   36 106 45 110 	4    2 0	0 0 0 0 0 0 0 0 
   142	  106 36 138 142 	4    2 0	0 0 0 0 0 0 0 0 
   143	   38 101 36 110 	4    2 0	0 0 0 0 0 0 0 0 
   144	   36 101 37 142 	4    2 0	0 0 0 0 0 0 0 0 
   145	   41 107 45 108 	4    2 0	0 0 0 0 0 0 0 0 
   146	   44 105 43 135 	4    2 0	0 0 0 0 0 0 0 0 
   147	   45 106 44 134 	4    2 0	0 0 0 0 0 0 0 0 
   148	   38 110 45 117 	4    2 0	0 0 0 0 0 0 0 0 
   149	   45 117 40 38 	4    2 0	0 0 0 100 0 0 0 3 
   150	  117 40 102 107 	4    2 0	0 0 0 0 0 0 0 0 
   151	   44 108 45 134 	4    2 0	0 0 0 0 0 0 0 0 
   152	   43 109 44 135 	4    2 0	0 0 0 0 0 0 0 0 
   153	   46 70 2 60 	4    2 0	0 0 0 0 0 0 0 0 
   154	   12 70 46 111 	4    2 0	0 0 0 0 0 0 0 0 
   155	   47 71 12 111 	4    2 0	0 0 0 0 0 0 0 0 
   156	   13 71 47 101 	4    2 0	0 0 0 0 0 0 0 0 
   157	   48 72 13 101 	4    2 0	0 0 0 0 0 0 0 0 
   158	   14 72 48 112 	4    2 0	0 0 0 0 0 0 0 0 
   159	   49 73 14 112 	4    2 0	0 0 0 0 0 0 0 0 
   160	   15 73 49 113 	4    2 0	0 0 0 0 0 0 0 0 
   161	   50 74 15 113 	4    2 0	0 0 0 0 0 0 0 0 
   162	    3 74 50 89 	4    2 0	0 0 0 0 0 0 0 0 
   163	   51 62 19 114 	4    2 0	0 0 0 0 0 0 0 0 
   164	   20 62 51 97 	4    2 0	0 0 0 0 0 0 0 0 
   165	   52 61 20 97 	4    2 0	0 0 0 0 0 0 0 0 
   166	   21 61 52 115 	4    2 0	0 0 0 0 0 0 0 0 
   167	   46 60 21 115 	4    2 0	0 0 0 0 0 0 0 0 
   168	   18 89 50 116 	4    2 0	0 0 0 0 0 0 0 0 
   169	   53 90 18 116 	4    2 0	0 0 0 0 0 0 0 0 
   170	   49 112 48 117 	4    2 0	0 0 0 0 0 0 0 0 
   171	   50 113 49 102 	4    2 0	0 0 0 0 0 0 0 0 
   172	   46 115 52 111 	4    2 0	0 0 0 0 0 0 0 0 
   173	   53 116 50 102 	4    2 0	0 0 0 0 0 0 0 0 
   174	   38 48 101 117 	4    2 0	0 0 0 0 0 0 0 0 
   175	   52 37 47 142 	4    2 0	0 0 0 0 0 0 0 0 
   176	   47 111 52 142 	4    2 0	0 0 0 0 0 0 0 0 
   177	   65 77 16 118 	4    2 0	0 0 0 0 0 0 0 0 
   178	    4 77 65 56 	4    2 0	0 0 0 0 0 0 0 0 
   179	   66 82 17 103 	4    2 0	0 0 0 0 0 0 0 0 
   180	   16 82 66 118 	4    2 0	0 0 0 0 0 0 0 0 
   181	   68 54 23 92 	4    2 0	0 0 0 0 0 0 0 0 
   182	   69 55 24 119 	4    2 0	0 0 0 0 0 0 0 0 
   183	   23 55 69 92 	4    2 0	0 0 0 0 0 0 0 0 
   184	   24 56 65 119 	4    2 0	0 0 0 0 0 0 0 0 
   185	   69 119 65 118 	4    2 0	0 0 0 0 0 0 0 0 
   186	   66 32 69 141 	4    2 0	0 0 0 0 0 0 0 0 
   187	   69 118 66 141 	4    2 0	0 0 0 0 0 0 0 0 
   188	   75 88 30 120 	4    2 0	0 0 0 0 0 0 0 0 
   189	   76 87 31 121 	4    2 0	0 0 0 0 0 0 0 0 
   190	   30 87 76 120 	4    2 0	0 0 0 0 0 0 0 0 
   191	   78 57 27 122 	4    2 0	0 0 0 0 0 0 0 0 
   192	   79 58 26 123 	4    2 0	0 0 0 0 0 0 0 0 
   193	   27 58 79 122 	4    2 0	0 0 0 0 0 0 0 0 
   194	   26 59 80 123 	4    2 0	0 0 0 0 0 0 0 0 
   195	   71 101 72 110 	4    2 0	0 0 0 0 0 0 0 0 
   196	   74 88 75 113 	4    2 0	0 0 0 0 0 0 0 0 
   197	   75 120 76 124 	4    2 0	0 0 0 0 0 0 0 0 
   198	   77 57 78 119 	4    2 0	0 0 0 0 0 0 0 0 
   199	   78 122 79 126 	4    2 0	0 0 0 0 0 0 0 0 
   200	   79 123 80 127 	4    2 0	0 0 0 0 0 0 0 0 
   201	   80 60 70 115 	4    2 0	0 0 0 0 0 0 0 0 
   202	   81 103 82 128 	4    2 0	0 0 0 0 0 0 0 0 
   203	   80 111 71 129 	4    2 0	0 0 0 0 0 0 0 0 
   204	   70 111 80 115 	4    2 0	0 0 0 0 0 0 0 0 
   205	   83 110 72 130 	4    2 0	0 0 0 0 0 0 0 0 
   206	   71 110 83 129 	4    2 0	0 0 0 0 0 0 0 0 
   207	   84 112 73 131 	4    2 0	0 0 0 0 0 0 0 0 
   208	   72 112 84 130 	4    2 0	0 0 0 0 0 0 0 0 
   209	   73 113 75 131 	4    2 0	0 0 0 0 0 0 0 0 
   210	   75 124 84 131 	4    2 0	0 0 0 0 0 0 0 0 
   211	  124 85 125 76 	4    2 0	0 0 0 0 0 0 0 0 
   212	   82 118 78 132 	4    2 0	0 0 0 0 0 0 0 0 
   213	   78 118 77 119 	4    2 0	0 0 0 0 0 0 0 0 
   214	  126 86 83 79 	4    2 0	0 0 7 0 0 0 5 0 
   215	   78 126 86 132 	4    2 0	0 0 0 0 0 0 0 0 
   216	   83 127 80 129 	4    2 0	0 0 0 0 0 0 0 0 
   217	  126 127 79 83 	4    2 0	0 0 0 0 0 0 0 0 
   218	   86 128 82 132 	4    2 0	0 0 0 0 0 0 0 0 
   219	   81 128 86 133 	4    2 0	0 0 0 0 0 0 0 0 
   220	   83 130 84 134 	4    2 0	0 0 0 0 0 0 0 0 
   221	  108 85 84 135 	4    2 0	0 0 0 0 0 0 0 0 
   222	   86 105 83 134 	4    2 0	0 0 0 0 0 0 0 0 
   223	   85 133 86 135 	4    2 0	0 0 0 0 0 0 0 0 
   224	   86 134 84 135 	4    2 0	0 0 0 0 0 0 0 0 
   225	   55 92 54 93 	4    2 0	0 0 0 0 0 0 0 0 
   226	   57 77 56 119 	4    2 0	0 0 0 0 0 0 0 0 
   227	   60 80 59 115 	4    2 0	0 0 0 0 0 0 0 0 
   228	   62 97 61 96 	4    2 0	0 0 0 0 0 0 0 0 
   229	   55 93 63 136 	4    2 0	0 0 0 0 0 0 0 0 
   230	   57 119 55 136 	4    2 0	0 0 0 0 0 0 0 0 
   231	   63 122 57 136 	4    2 0	0 0 0 0 0 0 0 0 
   232	   58 122 63 137 	4    2 0	0 0 0 0 0 0 0 0 
   233	   64 123 58 137 	4    2 0	0 0 0 0 0 0 0 0 
   234	   59 123 64 138 	4    2 0	0 0 0 0 0 0 0 0 
   235	   61 115 59 138 	4    2 0	0 0 0 0 0 0 0 0 
   236	   64 96 61 138 	4    2 0	0 0 0 0 0 0 0 0 
   237	  113 88 89 74 	4    2 0	0 0 0 0 0 0 0 0 
   238	   91 120 88 140 	4    2 0	0 0 0 0 0 0 0 0 
   239	   87 120 91 139 	4    2 0	0 0 0 0 0 0 0 0 
   240	   88 116 90 140 	4    2 0	0 0 0 0 0 0 0 0 
   241	   90 99 91 140 	4    2 0	0 0 0 0 0 0 0 0 
   242	   32 93 92 141 	4    2 0	0 0 0 0 0 0 0 0 
   243	   33 94 93 143 	4    2 0	0 0 0 0 0 0 0 0 
   244	   35 96 95 138 	4    2 0	0 0 0 0 0 0 0 0 
   245	   11 96 97 114 	4    2 0	0 0 0 0 0 0 0 0 
   246	   97 96 37 142 	4    2 0	0 0 0 0 0 0 0 0 
   247	    1 114 97 51 	4    2 0	0 0 0 0 0 0 0 0 
   248	   37 52 97 142 	4    2 0	0 0 0 0 0 0 0 0 
   249	   37 101 47 142 	4    2 0	0 0 0 0 0 0 0 0 
   250	   49 117 38 102 	4    2 0	0 0 0 0 0 0 0 0 
   251	  102 98 7 53 	4    2 0	0 0 0 0 0 0 0 0 
   252	   98 39 40 102 	4    2 0	0 0 0 0 0 0 0 0 
   253	   40 100 99 140 	4    2 0	0 0 0 0 0 0 0 0 
   254	   66 103 32 141 	4    2 0	0 0 0 0 0 0 0 0 
   255	   92 69 32 141 	4    2 0	0 0 0 0 0 0 0 0 
   256	   93 141 33 143 	4    2 0	0 0 0 0 0 0 0 0 
   257	   33 104 94 143 	4    2 0	0 0 0 0 0 0 0 0 
   258	  138 137 35 127 	4    2 0	0 0 0 0 0 0 0 0 
   259	   36 138 96 35 	4    2 0	0 0 0 0 0 0 0 0 
   260	   38 117 101 110 	4    2 0	0 0 0 0 0 0 0 0 
   261	   98 140 102 40 	4    2 0	0 0 0 0 0 0 0 0 
   262	   40 107 100 140 	4    2 0	0 0 0 0 0 0 0 0 
   263	  107 100 139 108 	4    2 0	0 0 0 0 0 0 0 0 
   264	   81 42 103 128 	4    2 0	0 0 0 0 0 0 0 0 
   265	   42 141 103 128 	4    2 0	0 0 0 0 0 0 0 0 
   266	  104 42 141 33 	4    2 0	0 0 0 0 0 0 0 0 
   267	   43 105 104 135 	4    2 0	0 0 0 0 0 0 0 0 
   268	   34 104 126 94 	4    2 0	0 0 0 0 0 0 0 0 
   269	   44 106 105 134 	4    2 0	0 0 0 0 0 0 0 0 
   270	  105 106 35 127 	4    2 0	0 0 0 0 0 0 0 0 
   271	   35 137 105 127 	4    2 0	0 0 0 0 0 0 0 0 
   272	  137 34 126 94 	4    2 0	0 0 0 0 0 0 0 0 
   273	   45 110 106 130 	4    2 0	0 0 0 0 0 0 0 0 
   274	  106 110 36 142 	4    2 0	0 0 0 0 0 0 0 0 
   275	   36 106 138 35 	4    2 0	0 0 0 0 0 0 0 0 
   276	   36 110 101 142 	4    2 0	0 0 0 0 0 0 0 0 
   277	  117 102 40 38 	4    2 0	0 0 0 0 0 0 0 0 
   278	   45 108 107 134 	4    2 0	0 0 0 0 0 0 0 0 
   279	  100 107 41 108 	4    2 0	0 0 0 0 0 0 0 0 
   280	   44 109 108 135 	4    2 0	0 0 0 0 0 0 0 0 
   281	  104 42 133 128 	4    2 0	0 0 0 0 0 0 0 0 
   282	   42 104 133 43 	4    2 0	0 0 0 0 0 0 0 0 
   283	   42 104 141 128 	4    2 0	0 0 0 0 0 0 0 0 
   284	  105 135 44 134 	4    2 0	0 0 0 0 0 0 0 0 
   285	  106 134 45 130 	4    2 0	0 0 0 0 0 0 0 0 
   286	   45 130 117 110 	4    2 0	0 0 0 0 0 0 0 0 
   287	  130 45 117 107 	4    2 0	0 0 0 0 0 0 0 0 
   288	  108 134 44 135 	4    2 0	0 0 0 0 0 0 0 0 
   289	  109 135 43 133 	4    2 0	0 0 0 0 0 0 0 0 
   290	  109 42 133 43 	4    2 0	0 0 0 0 0 0 0 0 
   291	   70 60 46 115 	4    2 0	0 0 0 0 0 0 0 0 
   292	   46 111 70 115 	4    2 0	0 0 0 0 0 0 0 0 
   293	   71 111 47 101 	4    2 0	0 0 0 0 0 0 0 0 
   294	   72 101 48 112 	4    2 0	0 0 0 0 0 0 0 0 
   295	   73 112 49 113 	4    2 0	0 0 0 0 0 0 0 0 
   296	   74 113 50 89 	4    2 0	0 0 0 0 0 0 0 0 
   297	   62 114 51 97 	4    2 0	0 0 0 0 0 0 0 0 
   298	   61 97 52 115 	4    2 0	0 0 0 0 0 0 0 0 
   299	   50 116 89 113 	4    2 0	0 0 0 0 0 0 0 0 
   300	   90 116 53 98 	4    2 0	0 0 0 0 0 0 0 0 
   301	   48 117 112 101 	4    2 0	0 0 0 0 0 0 0 0 
   302	  112 117 49 102 	4    2 0	0 0 0 0 0 0 0 0 
   303	   49 102 113 112 	4    2 0	0 0 0 0 0 0 0 0 
   304	  113 102 50 116 	4    2 0	0 0 0 0 0 0 0 0 
   305	   52 111 115 142 	4    2 0	0 0 0 0 0 0 0 0 
   306	  116 102 53 98 	4    2 0	0 0 0 0 0 0 0 0 
   307	  111 142 47 101 	4    2 0	0 0 0 0 0 0 0 0 
   308	   77 118 65 119 	4    2 0	0 0 0 0 0 0 0 0 
   309	   65 56 77 119 	4    2 0	0 0 0 0 0 0 0 0 
   310	   82 103 66 118 	4    2 0	0 0 0 0 0 0 0 0 
   311	   55 119 69 92 	4    2 0	0 0 0 0 0 0 0 0 
   312	  119 118 69 141 	4    2 0	0 0 0 0 0 0 0 0 
   313	   66 141 118 103 	4    2 0	0 0 0 0 0 0 0 0 
   314	   88 120 75 140 	4    2 0	0 0 0 0 0 0 0 0 
   315	   87 121 76 120 	4    2 0	0 0 0 0 0 0 0 0 
   316	   57 122 78 119 	4    2 0	0 0 0 0 0 0 0 0 
   317	   58 123 79 122 	4    2 0	0 0 0 0 0 0 0 0 
   318	   80 59 138 123 	4    2 0	0 0 0 0 0 0 0 0 
   319	   72 110 101 112 	4    2 0	0 0 0 0 0 0 0 0 
   320	  101 110 71 111 	4    2 0	0 0 0 0 0 0 0 0 
   321	   75 113 88 140 	4    2 0	0 0 0 0 0 0 0 0 
   322	  125 120 76 121 	4    2 0	0 0 0 0 0 0 0 0 
   323	  140 124 75 131 	4    2 0	0 0 0 0 0 0 0 0 
   324	  120 125 76 124 	4    2 0	0 0 0 0 0 0 0 0 
   325	  127 122 79 123 	4    2 0	0 0 0 0 0 0 0 0 
   326	  122 126 78 132 	4    2 0	0 0 0 0 0 0 0 0 
   327	  127 80 129 138 	4    2 0	0 0 0 0 0 0 0 0 
   328	  122 127 79 126 	4    2 0	0 0 0 0 0 0 0 0 
   329	   82 128 103 118 	4    2 0	0 0 0 0 0 0 0 0 
   330	   71 129 111 110 	4    2 0	0 0 0 0 0 0 0 0 
   331	  111 129 80 115 	4    2 0	0 0 0 0 0 0 0 0 
   332	   72 130 110 112 	4    2 0	0 0 0 0 0 0 0 0 
   333	  110 130 83 106 	4    2 0	0 0 0 0 0 0 0 0 
   334	   83 129 110 106 	4    2 0	0 0 0 0 0 0 0 0 
   335	   73 131 112 113 	4    2 0	0 0 0 0 0 0 0 0 
   336	  107 84 112 130 	4    2 0	0 0 0 0 0 0 0 0 
   337	   75 131 113 140 	4    2 0	0 0 0 0 0 0 0 0 
   338	   84 131 124 107 	4    2 0	0 0 0 0 0 0 0 0 
   339	   85 124 125 108 	4    2 0	0 0 0 0 0 0 0 0 
   340	  119 78 118 132 	4    2 0	0 0 0 0 0 0 0 0 
   341	  118 132 82 128 	4    2 0	0 0 0 0 0 0 0 0 
   342	   78 119 122 132 	4    2 0	0 0 0 0 0 0 0 0 
   343	  127 126 105 83 	4    2 0	0 0 0 0 0 0 0 0 
   344	  126 105 86 104 	4    2 0	0 0 0 0 0 0 0 0 
   345	   86 132 126 104 	4    2 0	0 0 0 0 0 0 0 0 
   346	  127 129 83 106 	4    2 0	0 0 0 0 0 0 0 0 
   347	   42 133 128 81 	4    2 0	0 0 0 0 0 0 0 0 
   348	  128 132 86 104 	4    2 0	0 0 0 0 0 0 0 0 
   349	   86 133 128 104 	4    2 0	0 0 0 0 0 0 0 0 
   350	   84 134 130 107 	4    2 0	0 0 0 0 0 0 0 0 
   351	  130 134 83 106 	4    2 0	0 0 0 0 0 0 0 0 
   352	   85 108 84 124 	4    2 0	0 0 0 0 0 0 0 0 
   353	  105 134 86 135 	4    2 0	0 0 0 0 0 0 0 0 
   354	   86 135 133 104 	4    2 0	0 0 0 0 0 0 0 0 
   355	  133 135 85 109 	4    2 0	0 0 0 0 0 0 0 0 
   356	   84 135 134 108 	4    2 0	0 0 0 0 0 0 0 0 
   357	   92 93 55 119 	4    2 0	0 0 0 0 0 0 0 0 
   358	  138 80 115 59 	4    2 0	0 0 0 0 0 0 0 0 
   359	   61 96 97 115 	4    2 0	0 0 0 0 0 0 0 0 
   360	   97 96 62 114 	4    2 0	0 0 0 0 0 0 0 0 
   361	   63 136 93 94 	4    2 0	0 0 0 0 0 0 0 0 
   362	   93 136 55 119 	4    2 0	0 0 0 0 0 0 0 0 
   363	  119 136 57 122 	4    2 0	0 0 0 0 0 0 0 0 
   364	   94 122 63 136 	4    2 0	0 0 0 0 0 0 0 0 
   365	  122 137 58 123 	4    2 0	0 0 0 0 0 0 0 0 
   366	  123 137 64 138 	4    2 0	0 0 0 0 0 0 0 0 
   367	   80 138 115 129 	4    2 0	0 0 0 0 0 0 0 0 
   368	  115 138 61 96 	4    2 0	0 0 0 0 0 0 0 0 
   369	   96 138 64 95 	4    2 0	0 0 0 0 0 0 0 0 
   370	  137 95 64 138 	4    2 0	0 0 0 0 0 0 0 0 
   371	   88 113 89 116 	4    2 0	0 0 0 0 0 0 0 0 
   372	  140 90 98 116 	4    2 0	0 0 0 0 0 0 0 0 
   373	   87 139 121 120 	4    2 0	0 0 0 0 0 0 0 0 
   374	  120 140 91 139 	4    2 0	0 0 0 0 0 0 0 0 
   375	  116 140 88 113 	4    2 0	0 0 0 0 0 0 0 0 
   376	   91 140 99 100 	4    2 0	0 0 0 0 0 0 0 0 
   377	   91 100 139 140 	4    2 0	0 0 0 0 0 0 0 0 
   378	   92 141 93 119 	4    2 0	0 0 0 0 0 0 0 0 
   379	   93 143 94 136 	4    2 0	0 0 0 0 0 0 0 0 
   380	  115 96 142 138 	4    2 0	0 0 0 0 0 0 0 0 
   381	   97 142 52 115 	4    2 0	0 0 0 0 0 0 0 0 
   382	  140 98 99 40 	4    2 0	0 0 0 0 0 0 0 0 
   383	   69 141 92 119 	4    2 0	0 0 0 0 0 0 0 0 
   384	   33 143 141 104 	4    2 0	0 0 0 0 0 0 0 0 
   385	  119 143 93 136 	4    2 0	0 0 0 0 0 0 0 0 
   386	   94 143 104 126 	4    2 0	0 0 0 0 0 0 0 0 
   387	   34 126 104 105 	4    2 0	0 0 0 0 0 0 0 0 
   388	  137 138 35 95 	4    2 0	0 0 0 0 0 0 0 0 
   389	  101 110 117 112 	4    2 0	0 0 0 0 0 0 0 0 
   390	   40 140 102 107 	4    2 0	0 0 0 0 0 0 0 0 
   391	  100 140 107 139 	4    2 0	0 0 0 0 0 0 0 0 
   392	  103 128 141 118 	4    2 0	0 0 0 0 0 0 0 0 
   393	  104 135 105 86 	4    2 0	0 0 0 0 0 0 0 0 
   394	   43 135 104 133 	4    2 0	0 0 0 0 0 0 0 0 
   395	   83 105 106 134 	4    2 0	0 0 0 0 0 0 0 0 
   396	  105 127 137 126 	4    2 0	0 0 0 0 0 0 0 0 
   397	   34 137 126 105 	4    2 0	0 0 0 0 0 0 0 0 
   398	  110 142 106 129 	4    2 0	0 0 0 0 0 0 0 0 
   399	  106 142 138 129 	4    2 0	0 0 0 0 0 0 0 0 
   400	   35 138 127 106 	4    2 0	0 0 0 0 0 0 0 0 
   401	  101 142 110 111 	4    2 0	0 0 0 0 0 0 0 0 
   402	  112 107 102 131 	4    2 0	0 0 0 0 0 0 0 0 
   403	  107 134 108 84 	4    2 0	0 0 0 0 0 0 0 0 
   404	   45 134 107 130 	4    2 0	0 0 0 0 0 0 0 0 
   405	  108 139 107 124 	4    2 0	0 0 0 0 0 0 0 0 
   406	   85 108 109 135 	4    2 0	0 0 0 0 0 0 0 0 
   407	  104 141 128 132 	4    2 0	0 0 0 0 0 0 0 0 
   408	  130 112 117 110 	4    2 0	0 0 0 0 0 0 0 0 
   409	  130 117 112 107 	4    2 0	0 0 0 0 0 0 0 0 
   410	  107 112 102 117 	4    2 0	0 0 0 0 0 0 0 0 
   411	  113 112 102 131 	4    2 0	0 0 0 0 0 0 0 0 
   412	  102 116 113 140 	4    2 0	0 0 0 0 0 0 0 0 
   413	  115 142 111 129 	4    2 0	0 0 0 0 0 0 0 0 
   414	  102 98 116 140 	4    2 0	0 0 0 0 0 0 0 0 
   415	  132 119 141 118 	4    2 0	0 0 0 0 0 0 0 0 
   416	  124 140 75 120 	4    2 0	0 0 0 0 0 0 0 0 
   417	  126 132 122 143 	4    2 0	0 0 0 0 0 0 0 0 
   418	   80 127 123 138 	4    2 0	0 0 0 0 0 0 0 0 
   419	  111 110 129 142 	4    2 0	0 0 0 0 0 0 0 0 
   420	   84 107 112 131 	4    2 0	0 0 0 0 0 0 0 0 
   421	  113 140 131 102 	4    2 0	0 0 0 0 0 0 0 0 
   422	  124 107 131 140 	4    2 0	0 0 0 0 0 0 0 0 
   423	   84 107 124 108 	4    2 0	0 0 0 0 0 0 0 0 
   424	  108 85 109 125 	4    2 0	0 0 0 0 0 0 0 0 
   425	  108 124 125 139 	4    2 0	0 0 0 0 0 0 0 0 
   426	  119 132 143 122 	4    2 0	0 0 0 0 0 0 0 0 
   427	  132 128 118 141 	4    2 0	0 0 0 0 0 0 0 0 
   428	  126 104 132 143 	4    2 0	0 0 0 0 0 0 0 0 
   429	  105 83 106 127 	4    2 0	0 0 0 0 0 0 0 0 
   430	  129 106 127 138 	4    2 0	0 0 0 0 0 0 0 0 
   431	  122 94 63 137 	4    2 0	0 0 0 0 0 0 0 0 
   432	  143 119 93 141 	4    2 0	0 0 0 0 0 0 0 0 
   433	  136 122 119 143 	4    2 0	0 0 0 0 0 0 0 0 
   434	  137 123 122 127 	4    2 0	0 0 0 0 0 0 0 0 
   435	  137 138 123 127 	4    2 0	0 0 0 0 0 0 0 0 
   436	  115 129 138 142 	4    2 0	0 0 0 0 0 0 0 0 
   437	   90 140 98 99 	4    2 0	0 0 0 0 0 0 0 0 
   438	  121 120 139 125 	4    2 0	0 0 0 0 0 0 0 0 
   439	  140 139 120 124 	4    2 0	0 0 0 0 0 0 0 0 
   440	   94 122 136 143 	4    2 0	0 0 0 0 0 0 0 0 
   441	   96 115 142 97 	4    2 0	0 0 0 0 0 0 0 0 
   442	  141 104 143 132 	4    2 0	0 0 0 0 0 0 0 0 
   443	  126 94 122 137 	4    2 0	0 0 0 0 0 0 0 0 
   444	  102 107 140 131 	4    2 0	0 0 0 0 0 0 0 0 
   445	  107 139 140 124 	4    2 0	0 0 0 0 0 0 0 0 
   446	  137 126 127 122 	4    2 0	0 0 0 0 0 0 0 0 
   447	  119 132 141 143 	4    2 0	0 0 0 0 0 0 0 0 
   448	  120 125 124 139 	4    2 0	0 0 0 0 0 0 0 0 
   449	   94 126 122 143 	4    2 0	0 0 0 0 0 0 0 0 

     0 0 0 0 0
     1 0 0 0 0
     2 0 0 0 0
     3 0 0 0 0
     4 0 0 0 0
     5 0 0 0 0
     6 0 0 0 0
     7 0 0 0 0
     8 0 0 0 0
     9 0 0 0 0
    10 0 0 0 0
    11 0 0 0 0
    12 0 0 0 0
    13 0 0 0 0
    14 0 0 0 0
    15 0 0 0 0
    16 0 0 0 0
    17 0 0 0 0
    18 0 0 0 0
    19 0 0 0 0
    20 0 0 0 0
    21 0 0 0 0
    22 0 0 0 0
    23 0 0 0 0
    24 0 0 0 0
    25 0 0 0 0
    26 0 0 0 0
    27 0 0 0 0
    28 0 0 0 0
    29 0 0 0 0
    30 0 0 0 0
    31 0 0 0 0
    32 0 0 0 0
    33 0 0 0 0
    34 0 0 0 0
    35 0 0 0 0
    36 0 0 0 0
    37 0 0 0 0
    38 0 0 0 0
    39 0 0 0 0
    40 0 0 0 0
    41 0 0 0 0
    42 0 0 0 0
    43 0 0 0 0
    44 0 0 0 0
    45 0 0 0 0
    46 0 0 0 0
    47 0 0 0 0
    48 0 0 0 0
    49 0 0 0 0
    50 0 0 0 0
    51 0 0 0 0
    52 0 0 0 0
    53 0 0 0 0
    54 0 0 0 0
    55 0 0 0 0
    56 0 0 0 0
    57 0 0 0 0
    58 0 0 0 0
    59 0 0 0 0
    60 0 0 0 0
    61 0 0 0 0
    62 0 0 0 0
    63 0 0 0 0
    64 0 0 0 0
    65 0 0 0 0
    66 0 0 0 0
    67 0 0 0 0
    68 0 0 0 0
    69 0 0 0 0
    70 0 0 0 0
    71 0 0 0 0
    72 0 0 0 0
    73 0 0 0 0
    74 0 0 0 0
    75 0 0 0 0
    76 0 0 0 0
    77 0 0 0 0
    78 0 0 0 0
    79 0 0 0 0
    80 0 0 0 0
    81 0 0 0 0
    82 0 0 0 0
    83 0 0 0 0
    84 0 0 0 0
    85 0 0 0 0
    86 0 0 0 0
    87 0 0 0 0
    88 0 0 0 0
    89 0 0 0 0
    90 0 0 0 0
    91 0 0 0 0
    92 0 0 0 0
    93 0 0 0 0
    94 0 0 0 0
    95 0 0 0 0
    96 0 0 0 0
    97 0 0 0 0
    98 0 0 0 0
    99 0 0 0 0
   100 0 0 0 0
   101 0 0 0 0
   102 0 0 0 0
   103 0 0 0 0
   104 0 0 0 0
   105 0 0 0 0
   106 0 0 0 0
   107 0 0 0 0
   108 0 0 0 0
   109 0 0 0 0
   110 0 0 0 0
   111 0 0 0 0
   112 0 0 0 0
   113 0 0 0 0
   114 0 0 0 0
   115 0 0 0 0
   116 0 0 0 0
   117 0 0 0 0
   118 0 0 0 0
   119 0 0 0 0
   120 0 0 0 0
   121 0 0 0 0
   122 0 0 0 0
   123 0 0 0 0
   124 0 0 0 0
   125 0 0 0 0
   126 0 0 0 0
   127 0 0 0 0
   128 0 0 0 0
   129 0 0 0 0
   130 0 0 0 0
   131 0 0 0 0
   132 0 0 0 0
   133 0 0 0 0
   134 0 0 0 0
   135 0 0 0 0
   136 0 0 0 0
   137 0 0 0 0
   138 0 0 0 0
   139 0 0 0 0
   140 0 0 0 0
   141 0 0 0 0
   142 0 0 0 0
   143 0 0 0 0
   144 0 0 0 0
   145 0 0 0 0
   146 0 0 0 0
   147 0 0 0 0
   148 0 0 0 0
   149 0 0 0 0
   150 0 0 0 0
   151 0 0 0 0
   152 0 0 0 0
   153 0 0 0 0
   154 0 0 0 0
   155 0 0 0 0
   156 0 0 0 0
   157 0 0 0 0
   158 0 0 0 0
   159 0 0 0 0
   160 0 0 0 0
   161 0 0 0 0
   162 0 0 0 0
   163 0 0 0 0
   164 0 0 0 0
   165 0 0 0 0
   166 0 0 0 0
   167 0 0 0 0
   168 0 0 0 0
   169 0 0 0 0
   170 0 0 0 0
   171 0 0 0 0
   172 0 0 0 0
   173 0 0 0 0
   174 0 0 0 0
   175 0 0 0 0
   176 0 0 0 0
   177 0 0 0 0
   178 0 0 0 0
   179 0 0 0 0
   180 0 0 0 0
   181 0 0 0 0
   182 0 0 0 0
   183 0 0 0 0
   184 0 0 0 0
   185 0 0 0 0
   186 0 0 0 0
   187 0 0 0 0
   188 0 0 0 0
   189 0 0 0 0
   190 0 0 0 0
   191 0 0 0 0
   192 0 0 0 0
   193 0 0 0 0
   194 0 0 0 0
   195 0 0 0 0
   196 0 0 0 0
   197 0 0 0 0
   198 0 0 0 0
   199 0 0 0 0
   200 0 0 0 0
   201 0 0 0 0
   202 0 0 0 0
   203 0 0 0 0
   204 0 0 0 0
   205 0 0 0 0
   206 0 0 0 0
   207 0 0 0 0
   208 0 0 0 0
   209 0 0 0 0
   210 0 0 0 0
   211 0 0 0 0
   212 0 0 0 0
   213 0 0 0 0
   214 0 0 0 0
   215 0 0 0 0
   216 0 0 0 0
   217 0 0 0 0
   218 0 0 0 0
   219 0 0 0 0
   220 0 0 0 0
   221 0 0 0 0
   222 0 0 0 0
   223 0 0 0 0
   224 0 0 0 0
   225 0 0 0 0
   226 0 0 0 0
   227 0 0 0 0
   228 0 0 0 0
   229 0 0 0 0
   230 0 0 0 0
   231 0 0 0 0
   232 0 0 0 0
   233 0 0 0 0
   234 0 0 0 0
   235 0 0 0 0
   236 0 0 0 0
   237 0 0 0 0
   238 0 0 0 0
   239 0 0 0 0
   240 0 0 0 0
   241 0 0 0 0
   242 0 0 0 0
   243 0 0 0 0
   244 0 0 0 0
   245 0 0 0 0
   246 0 0 0 0
   247 0 0 0 0
   248 0 0 0 0
   249 0 0 0 0
   250 0 0 0 0
   251 0 0 0 0
   252 0 0 0 0
   253 0 0 0 0
   254 0 0 0 0
   255 0 0 0 0
   256 0 0 0 0
   257 0 0 0 0
   258 0 0 0 0
   259 0 0 0 0
   260 0 0 0 0
   261 0 0 0 0
   262 0 0 0 0
   263 0 0 0 0
   264 0 0 0 0
   265 0 0 0 0
   266 0 0 0 0
   267 0 0 0 0
   268 0 0 0 0
   269 0 0 0 0
   270 0 0 0 0
   271 0 0 0 0
   272 0 0 0 0
   273 0 0 0 0
   274 0 0 0 0
   275 0 0 0 0
   276 0 0 0 0
   277 0 0 0 0
   278 0 0 0 0
   279 0 0 0 0
   280 0 0 0 0
   281 0 0 0 0
   282 0 0 0 0
   283 0 0 0 0
   284 0 0 0 0
   285 0 0 0 0
   286 0 0 0 0
   287 0 0 0 0
   288 0 0 0 0
   289 0 0 0 0
   290 0 0 0 0
   291 0 0 0 0
   292 0 0 0 0
   293 0 0 0 0
   294 0 0 0 0
   295 0 0 0 0
   296 0 0 0 0
   297 0 0 0 0
   298 0 0 0 0
   299 0 0 0 0
   300 0 0 0 0
   301 0 0 0 0
   302 0 0 0 0
   303 0 0 0 0
   304 0 0 0 0
   305 0 0 0 0
   306 0 0 0 0
   307 0 0 0 0
   308 0 0 0 0
   309 0 0 0 0
   310 0 0 0 0
   311 0 0 0 0
   312 0 0 0 0
   313 0 0 0 0
   314 0 0 0 0
   315 0 0 0 0
   316 0 0 0 0
   317 0 0 0 0
   318 0 0 0 0
   319 0 0 0 0
   320 0 0 0 0
   321 0 0 0 0
   322 0 0 0 0
   323 0 0 0 0
   324 0 0 0 0
   325 0 0 0 0
   326 0 0 0 0
   327 0 0 0 0
   328 0 0 0 0
   329 0 0 0 0
   330 0 0 0 0
   331 0 0 0 0
   332 0 0 0 0
   333 0 0 0 0
   334 0 0 0 0
   335 0 0 0 0
   336 0 0 0 0
   337 0 0 0 0
   338 0 0 0 0
   339 0 0 0 0
   340 0 0 0 0
   341 0 0 0 0
   342 0 0 0 0
   343 0 0 0 0
   344 0 0 0 0
   345 0 0 0 0
   346 0 0 0 0
   347 0 0 0 0
   348 0 0 0 0
   349 0 0 0 0
   350 0 0 0 0
   351 0 0 0 0
   352 0 0 0 0
   353 0 0 0 0
   354 0 0 0 0
   355 0 0 0 0
   356 0 0 0 0
   357 0 0 0 0
   358 0 0 0 0
   359 0 0 0 0
   360 0 0 0 0
   361 0 0 0 0
   362 0 0 0 0
   363 0 0 0 0
   364 0 0 0 0
   365 0 0 0 0
   366 0 0 0 0
   367 0 0 0 0
   368 0 0 0 0
   369 0 0 0 0
   370 0 0 0 0
   371 0 0 0 0
   372 0 0 0 0
   373 0 0 0 0
   374 0 0 0 0
   375 0 0 0 0
   376 0 0 0 0
   377 0 0 0 0
   378 0 0 0 0
   379 0 0 0 0
   380 0 0 0 0
   381 0 0 0 0
   382 0 0 0 0
   383 0 0 0 0
   384 0 0 0 0
   385 0 0 0 0
   386 0 0 0 0
   387 0 0 0 0
   388 0 0 0 0
   389 0 0 0 0
   390 0 0 0 0
   391 0 0 0 0
   392 0 0 0 0
   393 0 0 0 0
   394 0 0 0 0
   395 0 0 0 0
   396 0 0 0 0
   397 0 0 0 0
   398 0 0 0 0
   399 0 0 0 0
   400 0 0 0 0
   401 0 0 0 0
   402 0 0 0 0
   403 0 0 0 0
   404 0 0 0 0
   405 0 0 0 0
   406 0 0 0 0
   407 0 0 0 0
   408 0 0 0 0
   409 0 0 0 0
   410 0 0 0 0
   411 0 0 0 0
   412 0 0 0 0
   413 0 0 0 0
   414 0 0 0 0
   415 0 0 0 0
   416 0 0 0 0
   417 0 0 0 0
   418 0 0 0 0
   419 0 0 0 0
   420 0 0 0 0
   421 0 0 0 0
   422 0 0 0 0
   423 0 0 0 0
   424 0 0 0 0
   425 0 0 0 0
   426 0 0 0 0
   427 0 0 0 0
   428 0 0 0 0
   429 0 0 0 0
   430 0 0 0 0
   431 0 0 0 0
   432 0 0 0 0
   433 0 0 0 0
   434 0 0 0 0
   435 0 0 0 0
   436 0 0 0 0
   437 0 0 0 0
   438 0 0 0 0
   439 0 0 0 0
   440 0 0 0 0
   441 0 0 0 0
   442 0 0 0 0
   443 0 0 0 0
   444 0 0 0 0
   445 0 0 0 0
   446 0 0 0 0
   447 0 0 0 0
   448 0 0 0 0
   449 0 0 0 0


  1.00000000e+03   1.92500000e+02   0.00000000e+00   3.85000000e+02   0.00000000e+00   0.00000000e+00   3.00000000e-01   0.00000000e+00   0.00000000e+00   1.00000000e+00   1.00000000e+00   1.00000000e+00   1.00000000e+07 	1 2 

1 
1 0 0 	0 1 0 	0 0 1 

0 0.5 0.5

0

0

0
