142 3 450

10000 1e-05 1e-15

1 1 1

4 4 4 4 4 4 4 4 4 4 4 4 4 4 4 4 4 4 4 4 4 4 4 4 4 4 4 4 4 4 4 4 4 4 4 4 4 4 4 4 4 4 4 4 4 4 4 4 4 4 4 4 4 4 4 4 4 4 4 4 4 4 4 4 4 4 4 4 4 4 4 4 4 4 4 4 4 4 4 4 4 4 4 4 4 4 4 4 4 4 4 4 4 4 4 4 4 4 4 4 4 4 4 4 4 4 4 4 4 4 4 4 4 4 4 4 4 4 4 4 4 4 4 4 4 4 4 4 4 4 4 4 4 4 4 4 4 4 4 4 4 4 4 4 4 4 4 4 4 4 4 4 4 4 4 4 4 4 4 4 4 4 4 4 4 4 4 4 4 4 4 4 4 4 4 4 4 4 4 4 4 4 4 4 4 4 4 4 4 4 4 4 4 4 4 4 4 4 4 4 4 4 4 4 4 4 4 4 4 4 4 4 4 4 4 4 4 4 4 4 4 4 4 4 4 4 4 4 4 4 4 4 4 4 4 4 4 4 4 4 4 4 4 4 4 4 4 4 4 4 4 4 4 4 4 4 4 4 4 4 4 4 4 4 4 4 4 4 4 4 4 4 4 4 4 4 4 4 4 4 4 4 4 4 4 4 4 4 4 4 4 4 4 4 4 4 4 4 4 4 4 4 4 4 4 4 4 4 4 4 4 4 4 4 4 4 4 4 4 4 4 4 4 4 4 4 4 4 4 4 4 4 4 4 4 4 4 4 4 4 4 4 4 4 4 4 4 4 4 4 4 4 4 4 4 4 4 4 4 4 4 4 4 4 4 4 4 4 4 4 4 4 4 4 4 4 4 4 4 4 4 4 4 4 4 4 4 4 4 4 4 4 4 4 4 4 4 4 4 4 4 4 4 4 4 4 4 4 4 4 4 4 4 4 4 4 4 4 4 4 4 4 4 4 4 4 4 4 4 4 4 4 4 4 4 4 4 4 4 4 4 4 4 4 4 4 4 4 4 4 

   0    0    0	 -5.00000000e-01   0.00000000e+00   2.00000000e-01 	1    5 0
   1    2    1	  5.00000000e-01   0.00000000e+00   2.00000000e-01 	1    7 0
  -1    0    2	  5.00000000e-01   5.00000000e-01   5.00000000e-01 	1   10 0
  -1    0    3	 -5.00000000e-01   5.00000000e-01   5.00000000e-01 	1   14 0
  -1    0    4	  5.00000000e-01   1.40703000e-01   1.42136100e-01 	2   13 0
  -1    0    5	  5.00000000e-01   1.99998900e-01  -6.60860200e-04 	2   13 0
   4    0    6	  5.00000000e-01   1.40070500e-01  -1.42759400e-01 	2   13 0
  -1    0    7	 -5.00000000e-01   1.40703000e-01   1.42136100e-01 	2   11 0
  -1    0    8	 -5.00000000e-01   1.99998900e-01  -6.60860200e-04 	2   11 0
   5    1    9	 -5.00000000e-01   1.40070500e-01  -1.42759400e-01 	2   11 0
  -1    0   10	 -3.32098200e-01   0.00000000e+00   2.00000000e-01 	2   14 0
  -1    0   11	 -1.68525400e-01   0.00000000e+00   2.00000000e-01 	2   14 0
  -1    0   12	 -5.66220700e-03   0.00000000e+00   2.00000000e-01 	2   14 0
   6    0   13	  1.59657500e-01   0.00000000e+00   2.00000000e-01 	2   14 0
   7    2   14	  3.29409500e-01   0.00000000e+00   2.00000000e-01 	2   14 0
  74    0   15	  5.00000000e-01   5.00000000e-01   3.00000000e-01 	2   16 0
  10    2   16	  5.00000000e-01   5.00000000e-01   1.00000000e-01 	2   16 0
   8    1   17	  5.00000000e-01   5.00000000e-01  -1.00000000e-01 	2   16 0
  74    0   18	 -5.00000000e-01   5.00000000e-01   3.00000000e-01 	2   18 0
  10    2   19	 -5.00000000e-01   5.00000000e-01   1.00000000e-01 	2   18 0
   8    1   20	 -5.00000000e-01   5.00000000e-01  -1.00000000e-01 	2   18 0
   9    0   21	 -5.00000000e-01   5.00000000e-01  -3.00000000e-01 	2   18 0
  72    0   22	  5.00000000e-01   3.00000000e-01   5.00000000e-01 	2   20 0
  12    0   23	  5.00000000e-01   1.00000000e-01   5.00000000e-01 	2   20 0
  72    0   24	 -5.00000000e-01   3.00000000e-01   5.00000000e-01 	2   22 0
  12    0   25	 -5.00000000e-01   1.00000000e-01   5.00000000e-01 	2   22 0
  71    0   26	  3.00000000e-01   5.00000000e-01   5.00000000e-01 	2   24 0
  69    0   27	  1.00000000e-01   5.00000000e-01   5.00000000e-01 	2   24 0
  13    1   28	 -1.00000000e-01   5.00000000e-01   5.00000000e-01 	2   24 0
  70    0   29	 -3.00000000e-01   5.00000000e-01   5.00000000e-01 	2   24 0
  14    0   30	 -3.99733800e-01  -1.37677700e-01   1.39835700e-01 	3  100 0
  15    2   31	 -2.46060700e-01  -1.35326100e-01   1.38269900e-01 	3  100 0
  16    0   32	 -8.51705100e-02  -1.36107200e-01   1.37497700e-01 	3  100 0
  17    2   33	  7.92438000e-02  -1.39928200e-01   1.36239500e-01 	3  100 0
  -1    0   34	 -3.99733800e-01   1.37677700e-01   1.39835700e-01 	3  200 0
  -1    0   35	 -2.46060700e-01   1.35326100e-01   1.38269900e-01 	3  200 0
  -1    0   36	 -8.51705100e-02   1.36107200e-01   1.37497700e-01 	3  200 0
  -1    0   37	  7.92438000e-02   1.39928200e-01   1.36239500e-01 	3  200 0
  -1    0   38	  2.47145100e-01   1.45660000e-01   1.33794400e-01 	3  200 0
  -1    0   39	  4.03878400e-01   1.45814500e-01   1.36254400e-01 	3  200 0
  24    0   40	  3.49242900e-01   1.96080100e-01  -3.89930000e-02 	3  200 0
  25    0   41	  7.92373300e-02   1.31750200e-01  -1.44470700e-01 	3  200 0
  26    0   42	 -8.50687900e-02   1.33209700e-01  -1.40503600e-01 	3  200 0
  27    1   43	 -2.46198000e-01   1.34120600e-01  -1.39054800e-01 	3  200 0
  28    0   44	 -3.99812000e-01   1.36761500e-01  -1.40040900e-01 	3  200 0
  -1    0   45	 -3.26419000e-01   1.99999200e-01  -5.36625200e-04 	3  200 0
  -1    0   46	 -1.65558800e-01   1.99989900e-01  -1.85582100e-03 	3  200 0
  -1    0   47	 -2.33504200e-03   1.99902400e-01  -5.85935200e-03 	3  200 0
  29    1   48	  1.65771500e-01   1.99363900e-01  -1.53412600e-02 	3  200 0
  77    0   49	  5.00000000e-01   1.38890700e-01   3.26793000e-01 	5    3 0
  76    0   50	  5.00000000e-01   3.00181200e-01   9.60572300e-02 	5    3 0
  30    0   51	  5.00000000e-01   3.01079400e-01  -1.47005700e-01 	5    3 0
  75    0   52	  5.00000000e-01   4.19989900e-01   3.29824100e-01 	5    3 0
  31    2   53	  5.00000000e-01  -7.30828000e-03   3.69501700e-01 	5    3 0
  78    0   54	  5.00000000e-01   3.60254600e-01  -1.03093600e-02 	5    3 0
  79    0   55	  5.00000000e-01   2.99949500e-01   2.49120300e-01 	5    3 0
  95    0   56	  3.70723200e-01   5.00000000e-01   3.70558100e-01 	5    4 0
  96    0   57	  3.41930300e-01   5.00000000e-01   2.11290800e-01 	5    4 0
  97    0   58	  3.21415400e-01   5.00000000e-01   8.95817500e-03 	5    4 0
  33    1   59	  3.32333200e-01   5.00000000e-01  -1.99058800e-01 	5    4 0
  94    0   60	 -3.65969300e-01   5.00000000e-01   3.66300400e-01 	5    4 0
  93    0   61	 -1.98594600e-01   5.00000000e-01   3.32119100e-01 	5    4 0
  88    0   62	  9.53734800e-03   5.00000000e-01   3.21107000e-01 	5    4 0
  89    0   63	  2.11685500e-01   5.00000000e-01   3.41499700e-01 	5    4 0
  34    0   64	 -3.41032400e-01   5.00000000e-01  -2.11033100e-01 	5    4 0
  44    1   65	 -3.20289300e-01   5.00000000e-01  -8.66625100e-03 	5    4 0
  90    0   66	 -3.31251800e-01   5.00000000e-01   1.99383200e-01 	5    4 0
  91    0   67	  1.47866800e-01   5.00000000e-01   1.47080600e-01 	5    4 0
  35    1   68	  1.06393000e-01   5.00000000e-01  -1.05119800e-01 	5    4 0
  36    0   69	 -1.45831800e-01   5.00000000e-01  -1.46514300e-01 	5    4 0
  92    0   70	 -1.04189600e-01   5.00000000e-01   1.05775500e-01 	5    4 0
 103    0   71	 -3.70728700e-01   3.70551500e-01   5.00000000e-01 	5    5 0
 105    0   72	 -3.41943700e-01   2.11278000e-01   5.00000000e-01 	5    5 0
  37    2   73	 -3.21439800e-01   8.94504600e-03   5.00000000e-01 	5    5 0
 104    0   74	  3.65959900e-01   3.66291800e-01   5.00000000e-01 	5    5 0
 108    0   75	  1.98577800e-01   3.32099400e-01   5.00000000e-01 	5    5 0
 109    0   76	 -9.55606200e-03   3.21082300e-01   5.00000000e-01 	5    5 0
 110    0   77	 -2.11699900e-01   3.41479600e-01   5.00000000e-01 	5    5 0
  38    2   78	  3.20234300e-01  -8.67025300e-03   5.00000000e-01 	5    5 0
 107    0   79	  3.31222000e-01   1.99359500e-01   5.00000000e-01 	5    5 0
 102    0   80	 -1.47901000e-01   1.47049300e-01   5.00000000e-01 	5    5 0
  39    2   81	 -1.06461100e-01  -1.05134700e-01   5.00000000e-01 	5    5 0
 106    0   82	  1.04152900e-01   1.05730600e-01   5.00000000e-01 	5    5 0
  40    0   83	  1.45677400e-01  -1.46483600e-01   5.00000000e-01 	5    5 0
  77    0   84	 -5.00000000e-01   1.38890700e-01   3.26793000e-01 	5    6 0
  76    0   85	 -5.00000000e-01   3.00181200e-01   9.60572300e-02 	5    6 0
  30    0   86	 -5.00000000e-01   3.01079400e-01  -1.47005700e-01 	5    6 0
  75    0   87	 -5.00000000e-01   4.19989900e-01   3.29824100e-01 	5    6 0
  31    2   88	 -5.00000000e-01  -7.30828000e-03   3.69501700e-01 	5    6 0
  42    1   89	 -5.00000000e-01   3.86752600e-01  -3.10746700e-01 	5    6 0
  78    0   90	 -5.00000000e-01   3.60254600e-01  -1.03093600e-02 	5    6 0
  79    0   91	 -5.00000000e-01   2.99949500e-01   2.49120300e-01 	5    6 0
  47    0   92	 -3.88631200e-01  -9.47802000e-02   3.30314600e-01 	4    2 0
  48    0   93	 -2.66391900e-01  -1.02892200e-01   3.02089500e-01 	4    2 0
  49    0   94	 -1.33375200e-01  -1.42236200e-01   2.73745700e-01 	4    2 0
  50    2   95	  1.06218100e-01  -5.83214100e-02   3.08003400e-01 	4    2 0
  51    0   96	  2.61867900e-01  -1.07546500e-01   3.01316800e-01 	4    2 0
  -1    0   97	 -2.56139900e-01   1.16976300e-01   2.54258600e-01 	4    2 0
  -1    0   98	 -9.14341700e-02   1.54191800e-01   2.59556000e-01 	4    2 0
  -1    0   99	  7.68014000e-02   9.66594500e-02   2.88958600e-01 	4    2 0
  -1    0  100	  2.20953700e-01   9.52245100e-02   2.54191900e-01 	4    2 0
  -1    0  101	  3.90387900e-01   3.23025800e-01   8.12625000e-02 	4    2 0
  -1    0  102	 -3.92269000e-01   3.02471500e-01  -7.49627300e-02 	4    2 0
  -1    0  103	 -3.27708200e-01   2.66437800e-01   1.47655500e-01 	4    2 0
  -1    0  104	 -1.85544300e-01   2.86057700e-01   1.92959400e-01 	4    2 0
  -1    0  105	 -6.01687000e-03   2.84585000e-01   1.39141200e-01 	4    2 0
  -1    0  106	  1.46567100e-01   2.86227000e-01   1.35463200e-01 	4    2 0
  58    0  107	  1.10046900e-02   2.90738300e-01  -1.64200000e-01 	4    2 0
  59    0  108	 -1.57017400e-01   2.45799800e-01  -1.72301900e-01 	4    2 0
  -1    0  109	  2.69913100e-01   3.40403800e-01   8.25774800e-02 	4    2 0
  -1    0  110	  3.58498600e-01   3.57293700e-01   3.73060600e-01 	4    2 0
  60    0  111	  3.50940200e-01   7.19374400e-02   3.35956400e-01 	4    2 0
  -1    0  112	 -3.42761500e-01   3.53741800e-01   3.51936000e-01 	4    2 0
  -1    0  113	 -3.49976000e-01   7.30767900e-02   3.45894100e-01 	4    2 0
  61    1  114	 -3.65272400e-01   4.25992000e-01  -1.95131600e-01 	4    2 0
  -1    0  115	 -3.57853000e-01   3.73232800e-01   6.62867500e-02 	4    2 0
  -1    0  116	 -4.03679500e-01   3.77770200e-01   1.90990000e-01 	4    2 0
  62    1  117	 -3.19014000e-01   2.91061200e-01  -2.40561600e-01 	4    2 0
  -1    0  118	 -7.59989600e-02   3.77252700e-01   3.87379900e-01 	4    2 0
  -1    0  119	  6.98470900e-02   3.45972000e-01   3.67804100e-01 	4    2 0
  63    0  120	  3.17199300e-01   3.53518000e-01  -9.00029300e-02 	4    2 0
  -1    0  121	 -4.39518500e-02   3.51996400e-01   2.68683400e-01 	4    2 0
  -1    0  122	  1.05833100e-01   3.61785100e-01   2.50840300e-01 	4    2 0
  -1    0  123	 -2.84350000e-01   3.29274600e-01  -9.05553600e-02 	4    2 0
  -1    0  124	  2.33305000e-01   3.74550600e-01   2.27073200e-01 	4    2 0
  -1    0  125	  1.91772500e-01   3.77936300e-01   2.36830800e-02 	4    2 0
  -1    0  126	 -2.74979400e-01   3.86550800e-01   1.77330500e-01 	4    2 0
  -1    0  127	 -2.24258000e-01   3.21692900e-01   5.18130100e-03 	4    2 0
  -1    0  128	  6.27574500e-02   3.45118800e-01   2.62289700e-02 	4    2 0
  -1    0  129	 -7.42810200e-02   3.35907500e-01  -1.48184900e-02 	4    2 0
  -1    0  130	 -2.32196500e-01   2.22186300e-01   3.62486400e-01 	4    2 0
  -1    0  131	 -1.87112300e-01   1.61005300e-02   3.49473100e-01 	4    2 0
  -1    0  132	  2.03125400e-01   2.35523400e-01   2.98776000e-01 	4    2 0
  -1    0  133	 -3.27813300e-02   2.37466900e-01   3.73181500e-01 	4    2 0
  67    0  134	  9.29322800e-03  -1.90535900e-01   3.02962900e-01 	4    2 0
  -1    0  135	  2.04096300e-01   5.48816500e-03   3.37219700e-01 	4    2 0
  -1    0  136	 -3.13533900e-02   7.92845300e-03   3.51045900e-01 	4    2 0
  -1    0  137	  3.18212600e-01   2.89797800e-01   2.03733500e-01 	4    2 0
  -1    0  138	  3.69440300e-01   2.16608500e-01   3.00096900e-01 	4    2 0
  -1    0  139	 -3.43198500e-01   2.07555100e-01   2.87095300e-01 	4    2 0
  -1    0  140	  5.18354900e-02   2.48995100e-01   2.52590000e-01 	4    2 0
  -1    0  141	 -1.56923400e-01   3.12578400e-01   3.37193800e-01 	4    2 0

0

0


     0	   10 0 30 92 	4    2 0	100 0 0 0 3 0 0 0 
     1	   11 10 31 93 	4    2 0	100 0 0 0 3 0 0 0 
     2	   12 11 32 94 	4    2 0	100 0 0 0 3 0 0 0 
     3	   13 12 33 95 	4    2 0	100 0 0 0 3 0 0 0 
     4	   10 30 31 93 	4    2 0	100 0 0 0 3 0 0 0 
     5	   11 31 32 94 	4    2 0	100 0 0 0 3 0 0 0 
     6	  134 33 12 95 	4    2 0	0 0 0 0 0 0 0 0 
     7	  113 34 0 84 	4    2 0	0 0 0 0 0 0 0 0 
     8	   10 11 35 97 	4    2 0	200 0 0 0 3 0 0 0 
     9	   11 12 36 98 	4    2 0	200 0 0 0 3 0 0 0 
    10	   12 13 37 99 	4    2 0	200 0 0 0 3 0 0 0 
    11	   13 14 38 100 	4    2 0	200 0 0 0 3 0 0 0 
    12	  111 39 1 14 	4    2 0	0 0 200 0 0 0 3 0 
    13	    1 4 39 49 	4    2 0	200 3 0 0 3 5 0 0 
    14	    4 5 39 50 	4    2 0	200 3 0 0 3 5 0 0 
    15	    5 6 40 51 	4    2 0	200 3 0 0 3 5 0 0 
    16	    9 8 44 86 	4    2 0	200 6 0 0 3 5 0 0 
    17	    8 7 34 85 	4    2 0	200 6 0 0 3 5 0 0 
    18	    7 0 34 84 	4    2 0	200 6 0 0 3 5 0 0 
    19	   34 10 35 97 	4    2 0	200 0 0 0 3 0 0 0 
    20	   35 11 36 98 	4    2 0	200 0 0 0 3 0 0 0 
    21	   98 37 12 36 	4    2 0	0 0 200 0 0 0 3 0 
    22	   37 13 38 100 	4    2 0	200 0 0 0 3 0 0 0 
    23	   38 14 39 100 	4    2 0	200 0 0 0 3 0 0 0 
    24	   39 5 40 101 	4    2 0	200 0 0 0 3 0 0 0 
    25	   44 8 45 102 	4    2 0	200 0 0 0 3 0 0 0 
    26	    8 34 45 85 	4    2 0	200 0 0 0 3 0 0 0 
    27	   34 35 45 103 	4    2 0	200 0 0 0 3 0 0 0 
    28	   35 36 46 104 	4    2 0	200 0 0 0 3 0 0 0 
    29	   36 37 47 105 	4    2 0	200 0 0 0 3 0 0 0 
    30	   37 38 48 106 	4    2 0	200 0 0 0 3 0 0 0 
    31	   38 39 40 101 	4    2 0	200 0 0 0 3 0 0 0 
    32	   41 42 47 107 	4    2 0	200 0 0 0 3 0 0 0 
    33	   42 43 46 108 	4    2 0	200 0 0 0 3 0 0 0 
    34	   43 44 45 102 	4    2 0	200 0 0 0 3 0 0 0 
    35	   45 35 46 103 	4    2 0	200 0 0 0 3 0 0 0 
    36	   46 36 47 105 	4    2 0	200 0 0 0 3 0 0 0 
    37	   47 37 48 106 	4    2 0	200 0 0 0 3 0 0 0 
    38	   48 38 40 109 	4    2 0	200 0 0 0 3 0 0 0 
    39	   48 41 47 107 	4    2 0	200 0 0 0 3 0 0 0 
    40	   47 42 46 108 	4    2 0	200 0 0 0 3 0 0 0 
    41	  127 45 43 46 	4    2 0	0 0 200 0 0 0 3 0 
    42	  110 2 22 52 	4    2 0	0 0 3 0 0 0 5 0 
    43	   23 22 49 79 	4    2 0	3 5 0 0 5 5 0 0 
    44	   16 17 54 58 	4    2 0	3 4 0 0 5 5 0 0 
    45	   15 16 52 57 	4    2 0	3 4 0 0 5 5 0 0 
    46	    2 15 52 56 	4    2 0	3 4 0 0 5 5 0 0 
    47	  111 53 1 49 	4    2 0	0 0 3 0 0 0 5 0 
    48	    4 49 55 39 	4    2 0	3 0 0 0 5 0 0 0 
    49	   50 4 55 39 	4    2 0	3 0 0 0 5 0 0 0 
    50	    5 50 54 101 	4    2 0	3 0 0 0 5 0 0 0 
    51	   51 5 54 40 	4    2 0	3 0 0 0 5 0 0 0 
    52	   22 52 55 110 	4    2 0	3 0 0 0 5 0 0 0 
    53	   49 22 55 110 	4    2 0	3 0 0 0 5 0 0 0 
    54	   23 49 53 111 	4    2 0	3 0 0 0 5 0 0 0 
    55	   16 54 50 101 	4    2 0	3 0 0 0 5 0 0 0 
    56	   52 16 55 57 	4    2 0	3 0 0 0 5 0 0 0 
    57	   50 55 16 101 	4    2 0	3 0 0 0 5 0 0 0 
    58	  112 3 24 71 	4    2 0	0 0 5 0 0 0 5 0 
    59	   24 25 84 72 	4    2 0	6 5 0 0 5 5 0 0 
    60	  114 20 21 89 	4    2 0	0 0 6 0 0 0 5 0 
    61	   20 19 90 65 	4    2 0	6 4 0 0 5 5 0 0 
    62	   19 18 87 66 	4    2 0	6 4 0 0 5 5 0 0 
    63	   18 3 87 60 	4    2 0	6 4 0 0 5 5 0 0 
    64	   84 7 91 34 	4    2 0	6 0 0 0 5 0 0 0 
    65	    7 85 91 34 	4    2 0	6 0 0 0 5 0 0 0 
    66	  102 8 45 85 	4    2 0	0 0 0 0 0 0 0 0 
    67	    8 86 90 102 	4    2 0	6 0 0 0 5 0 0 0 
    68	   87 24 91 112 	4    2 0	6 0 0 0 5 0 0 0 
    69	   24 84 91 112 	4    2 0	6 0 0 0 5 0 0 0 
    70	   84 25 88 113 	4    2 0	6 0 0 0 5 0 0 0 
    71	   89 20 86 114 	4    2 0	6 0 0 0 5 0 0 0 
    72	   20 90 86 102 	4    2 0	6 0 0 0 5 0 0 0 
    73	   90 19 85 115 	4    2 0	6 0 0 0 5 0 0 0 
    74	   19 87 91 116 	4    2 0	6 0 0 0 5 0 0 0 
    75	   91 85 19 116 	4    2 0	6 0 0 0 5 0 0 0 
    76	  112 29 3 71 	4    2 0	0 0 5 0 0 0 5 0 
    77	   28 29 61 77 	4    2 0	4 5 0 0 5 5 0 0 
    78	   27 28 62 76 	4    2 0	4 5 0 0 5 5 0 0 
    79	   26 27 63 75 	4    2 0	4 5 0 0 5 5 0 0 
    80	  110 26 2 56 	4    2 0	0 0 4 0 0 0 5 0 
    81	   15 56 57 52 	4    2 0	4 0 0 0 5 0 0 0 
    82	   16 57 58 101 	4    2 0	4 0 0 0 5 0 0 0 
    83	   29 60 61 112 	4    2 0	4 0 0 0 5 0 0 0 
    84	   28 61 62 118 	4    2 0	4 0 0 0 5 0 0 0 
    85	   27 62 63 119 	4    2 0	4 0 0 0 5 0 0 0 
    86	   26 63 56 110 	4    2 0	4 0 0 0 5 0 0 0 
    87	   20 64 65 114 	4    2 0	4 0 0 0 5 0 0 0 
    88	   19 65 66 115 	4    2 0	4 0 0 0 5 0 0 0 
    89	   18 66 60 87 	4    2 0	4 0 0 0 5 0 0 0 
    90	   57 56 63 110 	4    2 0	4 0 0 0 5 0 0 0 
    91	   58 57 67 109 	4    2 0	4 0 0 0 5 0 0 0 
    92	   59 58 68 120 	4    2 0	4 0 0 0 5 0 0 0 
    93	   66 112 61 60 	4    2 0	0 0 0 4 0 0 0 5 
    94	   62 61 70 121 	4    2 0	4 0 0 0 5 0 0 0 
    95	   63 62 67 122 	4    2 0	4 0 0 0 5 0 0 0 
    96	  114 65 69 64 	4    2 0	0 0 4 0 0 0 5 0 
    97	   66 65 70 115 	4    2 0	4 0 0 0 5 0 0 0 
    98	   57 63 67 124 	4    2 0	4 0 0 0 5 0 0 0 
    99	   58 67 68 125 	4    2 0	4 0 0 0 5 0 0 0 
   100	   61 66 70 126 	4    2 0	4 0 0 0 5 0 0 0 
   101	  121 67 70 62 	4    2 0	0 0 4 0 0 0 5 0 
   102	   65 69 70 127 	4    2 0	4 0 0 0 5 0 0 0 
   103	   68 67 70 128 	4    2 0	4 0 0 0 5 0 0 0 
   104	   69 68 70 129 	4    2 0	4 0 0 0 5 0 0 0 
   105	   24 71 72 112 	4    2 0	5 0 0 0 5 0 0 0 
   106	   25 72 73 113 	4    2 0	5 0 0 0 5 0 0 0 
   107	   26 74 75 110 	4    2 0	5 0 0 0 5 0 0 0 
   108	   27 75 76 119 	4    2 0	5 0 0 0 5 0 0 0 
   109	   28 76 77 118 	4    2 0	5 0 0 0 5 0 0 0 
   110	   29 77 71 112 	4    2 0	5 0 0 0 5 0 0 0 
   111	   23 78 79 111 	4    2 0	5 0 0 0 5 0 0 0 
   112	   22 79 74 110 	4    2 0	5 0 0 0 5 0 0 0 
   113	   72 71 77 112 	4    2 0	5 0 0 0 5 0 0 0 
   114	   73 72 80 113 	4    2 0	5 0 0 0 5 0 0 0 
   115	   75 74 79 110 	4    2 0	5 0 0 0 5 0 0 0 
   116	   76 75 82 119 	4    2 0	5 0 0 0 5 0 0 0 
   117	  133 77 76 118 	4    2 0	0 0 0 0 0 0 0 0 
   118	   79 78 82 111 	4    2 0	5 0 0 0 5 0 0 0 
   119	   72 77 80 130 	4    2 0	5 0 0 0 5 0 0 0 
   120	   73 80 81 131 	4    2 0	5 0 0 0 5 0 0 0 
   121	   75 79 82 132 	4    2 0	5 0 0 0 5 0 0 0 
   122	   76 82 80 133 	4    2 0	5 0 0 0 5 0 0 0 
   123	   78 83 82 135 	4    2 0	5 0 0 0 5 0 0 0 
   124	   81 80 82 136 	4    2 0	5 0 0 0 5 0 0 0 
   125	  136 95 82 83 	4    2 0	0 0 0 0 0 0 0 0 
   126	   10 92 30 93 	4    2 0	0 0 0 0 0 0 0 0 
   127	  113 0 92 88 	4    2 0	0 0 0 0 0 0 0 0 
   128	   11 93 31 94 	4    2 0	0 0 0 0 0 0 0 0 
   129	   97 93 11 131 	4    2 0	0 0 0 0 0 0 0 0 
   130	  134 94 12 32 	4    2 0	0 0 0 0 0 0 0 0 
   131	  136 12 11 98 	4    2 0	0 0 0 0 0 0 0 0 
   132	   13 95 33 96 	4    2 0	0 0 0 0 0 0 0 0 
   133	   12 95 13 99 	4    2 0	0 0 0 0 0 0 0 0 
   134	   13 96 14 135 	4    2 0	0 0 0 0 0 0 0 0 
   135	   33 134 12 32 	4    2 0	0 0 0 100 0 0 0 3 
   136	   34 113 0 10 	4    2 0	0 0 0 200 0 0 0 3 
   137	   35 97 11 98 	4    2 0	0 0 0 0 0 0 0 0 
   138	   93 97 11 10 	4    2 0	0 0 0 0 0 0 0 0 
   139	   37 98 12 99 	4    2 0	0 0 0 0 0 0 0 0 
   140	   37 99 13 100 	4    2 0	0 0 0 0 0 0 0 0 
   141	   14 100 13 135 	4    2 0	0 0 0 0 0 0 0 0 
   142	   39 111 1 49 	4    2 0	0 0 0 0 0 0 0 0 
   143	   39 50 5 101 	4    2 0	0 0 0 0 0 0 0 0 
   144	   44 86 8 102 	4    2 0	0 0 0 0 0 0 0 0 
   145	   34 97 35 103 	4    2 0	0 0 0 0 0 0 0 0 
   146	   10 97 34 113 	4    2 0	0 0 0 0 0 0 0 0 
   147	   35 98 36 104 	4    2 0	0 0 0 0 0 0 0 0 
   148	   37 100 38 132 	4    2 0	0 0 0 0 0 0 0 0 
   149	   39 100 14 111 	4    2 0	0 0 0 0 0 0 0 0 
   150	  100 39 38 132 	4    2 0	0 0 0 0 0 0 0 0 
   151	   40 101 5 54 	4    2 0	0 0 0 0 0 0 0 0 
   152	    8 102 90 85 	4    2 0	0 0 0 6 0 0 0 5 
   153	   45 85 34 103 	4    2 0	0 0 0 0 0 0 0 0 
   154	   46 104 36 105 	4    2 0	0 0 0 0 0 0 0 0 
   155	   35 104 46 103 	4    2 0	0 0 0 0 0 0 0 0 
   156	   47 105 37 106 	4    2 0	0 0 0 0 0 0 0 0 
   157	   48 106 38 109 	4    2 0	0 0 0 0 0 0 0 0 
   158	   38 106 37 132 	4    2 0	0 0 0 0 0 0 0 0 
   159	   38 101 40 109 	4    2 0	0 0 0 0 0 0 0 0 
   160	   39 101 38 137 	4    2 0	0 0 0 0 0 0 0 0 
   161	   47 107 42 108 	4    2 0	0 0 0 0 0 0 0 0 
   162	   43 102 45 123 	4    2 0	0 0 0 0 0 0 0 0 
   163	   44 102 43 117 	4    2 0	0 0 0 0 0 0 0 0 
   164	   45 103 46 127 	4    2 0	0 0 0 0 0 0 0 0 
   165	   46 105 47 129 	4    2 0	0 0 0 0 0 0 0 0 
   166	   47 106 48 128 	4    2 0	0 0 0 0 0 0 0 0 
   167	   48 109 40 120 	4    2 0	0 0 0 0 0 0 0 0 
   168	   48 107 47 128 	4    2 0	0 0 0 0 0 0 0 0 
   169	   47 108 46 129 	4    2 0	0 0 0 0 0 0 0 0 
   170	  127 108 43 123 	4    2 0	0 0 0 0 0 0 0 0 
   171	    2 110 22 74 	4    2 0	0 0 0 5 0 0 0 5 
   172	   49 79 22 110 	4    2 0	0 0 0 0 0 0 0 0 
   173	   23 79 49 111 	4    2 0	0 0 0 0 0 0 0 0 
   174	  120 54 17 58 	4    2 0	0 0 0 0 0 0 0 0 
   175	   16 58 54 101 	4    2 0	0 0 0 0 0 0 0 0 
   176	   55 39 49 138 	4    2 0	0 0 0 0 0 0 0 0 
   177	   50 39 55 101 	4    2 0	0 0 0 0 0 0 0 0 
   178	   17 120 51 54 	4    2 0	0 0 0 3 0 0 0 5 
   179	   55 110 52 57 	4    2 0	0 0 0 0 0 0 0 0 
   180	   49 110 55 138 	4    2 0	0 0 0 0 0 0 0 0 
   181	   55 57 16 101 	4    2 0	0 0 0 0 0 0 0 0 
   182	    3 112 24 87 	4    2 0	0 0 0 6 0 0 0 5 
   183	  112 87 3 60 	4    2 0	0 0 0 0 0 0 0 0 
   184	   84 72 25 113 	4    2 0	0 0 0 0 0 0 0 0 
   185	   24 72 84 112 	4    2 0	0 0 0 0 0 0 0 0 
   186	   25 73 88 113 	4    2 0	0 0 0 0 0 0 0 0 
   187	  114 21 20 64 	4    2 0	0 0 4 0 0 0 5 0 
   188	   90 65 19 115 	4    2 0	0 0 0 0 0 0 0 0 
   189	   20 65 90 102 	4    2 0	0 0 0 0 0 0 0 0 
   190	   19 66 87 116 	4    2 0	0 0 0 0 0 0 0 0 
   191	  113 0 88 84 	4    2 0	0 0 6 0 0 0 5 0 
   192	   84 34 91 139 	4    2 0	0 0 0 0 0 0 0 0 
   193	   91 34 85 103 	4    2 0	0 0 0 0 0 0 0 0 
   194	  102 85 115 90 	4    2 0	0 0 0 0 0 0 0 0 
   195	   87 112 91 116 	4    2 0	0 0 0 0 0 0 0 0 
   196	   91 112 84 139 	4    2 0	0 0 0 0 0 0 0 0 
   197	   86 114 20 102 	4    2 0	0 0 0 0 0 0 0 0 
   198	   89 114 86 117 	4    2 0	0 0 0 0 0 0 0 0 
   199	   85 115 19 116 	4    2 0	0 0 0 0 0 0 0 0 
   200	   85 116 91 103 	4    2 0	0 0 0 0 0 0 0 0 
   201	   29 112 3 60 	4    2 0	0 0 0 4 0 0 0 5 
   202	   61 77 29 112 	4    2 0	0 0 0 0 0 0 0 0 
   203	   28 77 61 118 	4    2 0	0 0 0 0 0 0 0 0 
   204	   62 76 28 118 	4    2 0	0 0 0 0 0 0 0 0 
   205	   27 76 62 119 	4    2 0	0 0 0 0 0 0 0 0 
   206	   63 75 27 119 	4    2 0	0 0 0 0 0 0 0 0 
   207	   26 75 63 110 	4    2 0	0 0 0 0 0 0 0 0 
   208	   26 110 2 74 	4    2 0	0 0 0 5 0 0 0 5 
   209	   57 52 56 110 	4    2 0	0 0 0 0 0 0 0 0 
   210	   58 101 57 109 	4    2 0	0 0 0 0 0 0 0 0 
   211	   59 120 17 58 	4    2 0	0 0 0 4 0 0 0 5 
   212	   62 118 61 121 	4    2 0	0 0 0 0 0 0 0 0 
   213	   63 119 62 122 	4    2 0	0 0 0 0 0 0 0 0 
   214	   20 114 65 102 	4    2 0	0 0 0 0 0 0 0 0 
   215	   19 115 66 116 	4    2 0	0 0 0 0 0 0 0 0 
   216	   87 66 112 116 	4    2 0	0 0 0 0 0 0 0 0 
   217	   57 110 63 124 	4    2 0	0 0 0 0 0 0 0 0 
   218	   67 109 57 124 	4    2 0	0 0 0 0 0 0 0 0 
   219	   58 109 67 125 	4    2 0	0 0 0 0 0 0 0 0 
   220	   68 120 58 125 	4    2 0	0 0 0 0 0 0 0 0 
   221	  112 66 126 116 	4    2 0	0 0 0 0 0 0 0 0 
   222	  104 61 70 126 	4    2 0	0 0 0 0 0 0 0 0 
   223	  121 70 67 105 	4    2 0	0 0 0 0 0 0 0 0 
   224	  121 122 105 67 	4    2 0	0 0 0 0 0 0 0 0 
   225	   63 122 67 124 	4    2 0	0 0 0 0 0 0 0 0 
   226	   65 114 69 123 	4    2 0	0 0 0 0 0 0 0 0 
   227	   65 123 69 127 	4    2 0	0 0 0 0 0 0 0 0 
   228	   70 115 65 127 	4    2 0	0 0 0 0 0 0 0 0 
   229	   66 115 70 126 	4    2 0	0 0 0 0 0 0 0 0 
   230	   68 125 67 128 	4    2 0	0 0 0 0 0 0 0 0 
   231	  107 68 69 129 	4    2 0	0 0 0 0 0 0 0 0 
   232	   67 105 70 128 	4    2 0	0 0 0 0 0 0 0 0 
   233	   70 127 69 129 	4    2 0	0 0 0 0 0 0 0 0 
   234	   68 128 70 129 	4    2 0	0 0 0 0 0 0 0 0 
   235	   72 112 77 130 	4    2 0	0 0 0 0 0 0 0 0 
   236	   80 113 72 130 	4    2 0	0 0 0 0 0 0 0 0 
   237	   73 113 80 131 	4    2 0	0 0 0 0 0 0 0 0 
   238	   81 93 73 131 	4    2 0	0 0 0 0 0 0 0 0 
   239	   75 110 79 132 	4    2 0	0 0 0 0 0 0 0 0 
   240	   82 119 75 132 	4    2 0	0 0 0 0 0 0 0 0 
   241	   76 119 82 133 	4    2 0	0 0 0 0 0 0 0 0 
   242	   77 133 76 80 	4    2 0	0 0 0 5 0 0 0 5 
   243	   77 133 130 141 	4    2 0	0 0 0 0 0 0 0 0 
   244	   78 96 83 135 	4    2 0	0 0 0 0 0 0 0 0 
   245	   82 111 78 135 	4    2 0	0 0 0 0 0 0 0 0 
   246	   79 111 82 132 	4    2 0	0 0 0 0 0 0 0 0 
   247	   81 131 80 136 	4    2 0	0 0 0 0 0 0 0 0 
   248	   80 133 82 136 	4    2 0	0 0 0 0 0 0 0 0 
   249	  136 83 81 134 	4    2 0	0 0 0 0 0 0 0 0 
   250	   82 135 83 95 	4    2 0	0 0 0 0 0 0 0 0 
   251	  136 81 83 82 	4    2 0	0 0 5 0 0 0 5 0 
   252	   92 93 10 113 	4    2 0	0 0 0 0 0 0 0 0 
   253	    0 113 92 10 	4    2 0	0 0 0 0 0 0 0 0 
   254	   93 94 11 131 	4    2 0	0 0 0 0 0 0 0 0 
   255	  134 12 136 95 	4    2 0	0 0 0 0 0 0 0 0 
   256	   12 136 11 94 	4    2 0	0 0 0 0 0 0 0 0 
   257	  136 131 11 94 	4    2 0	0 0 0 0 0 0 0 0 
   258	   95 96 13 135 	4    2 0	0 0 0 0 0 0 0 0 
   259	   13 99 95 135 	4    2 0	0 0 0 0 0 0 0 0 
   260	   95 99 12 136 	4    2 0	0 0 0 0 0 0 0 0 
   261	   14 135 96 111 	4    2 0	0 0 0 0 0 0 0 0 
   262	   84 113 34 139 	4    2 0	0 0 0 0 0 0 0 0 
   263	   11 98 97 131 	4    2 0	0 0 0 0 0 0 0 0 
   264	   97 98 35 104 	4    2 0	0 0 0 0 0 0 0 0 
   265	   12 99 98 136 	4    2 0	0 0 0 0 0 0 0 0 
   266	   13 100 99 135 	4    2 0	0 0 0 0 0 0 0 0 
   267	   99 100 37 132 	4    2 0	0 0 0 0 0 0 0 0 
   268	  100 135 14 111 	4    2 0	0 0 0 0 0 0 0 0 
   269	   39 111 49 138 	4    2 0	0 0 0 0 0 0 0 0 
   270	   86 102 44 117 	4    2 0	0 0 0 0 0 0 0 0 
   271	   97 103 34 139 	4    2 0	0 0 0 0 0 0 0 0 
   272	   34 113 97 139 	4    2 0	0 0 0 0 0 0 0 0 
   273	   97 113 10 93 	4    2 0	0 0 0 0 0 0 0 0 
   274	   37 105 36 98 	4    2 0	0 0 0 0 0 0 0 0 
   275	   39 132 137 38 	4    2 0	0 0 0 0 0 0 0 0 
   276	  132 111 39 138 	4    2 0	0 0 0 0 0 0 0 0 
   277	   39 137 132 138 	4    2 0	0 0 0 0 0 0 0 0 
   278	  101 54 40 120 	4    2 0	0 0 0 0 0 0 0 0 
   279	  102 115 85 45 	4    2 0	0 0 0 0 0 0 0 0 
   280	   85 103 45 115 	4    2 0	0 0 0 0 0 0 0 0 
   281	   98 104 105 36 	4    2 0	0 0 0 0 0 0 0 0 
   282	  104 105 46 129 	4    2 0	0 0 0 0 0 0 0 0 
   283	   46 103 104 127 	4    2 0	0 0 0 0 0 0 0 0 
   284	   97 103 104 35 	4    2 0	0 0 0 0 0 0 0 0 
   285	   37 106 105 140 	4    2 0	0 0 0 0 0 0 0 0 
   286	  105 106 47 128 	4    2 0	0 0 0 0 0 0 0 0 
   287	   38 109 106 137 	4    2 0	0 0 0 0 0 0 0 0 
   288	  106 109 48 125 	4    2 0	0 0 0 0 0 0 0 0 
   289	   37 132 106 140 	4    2 0	0 0 0 0 0 0 0 0 
   290	  106 132 38 137 	4    2 0	0 0 0 0 0 0 0 0 
   291	   40 109 101 120 	4    2 0	0 0 0 0 0 0 0 0 
   292	  101 109 38 137 	4    2 0	0 0 0 0 0 0 0 0 
   293	  101 137 39 55 	4    2 0	0 0 0 0 0 0 0 0 
   294	  107 108 47 129 	4    2 0	0 0 0 0 0 0 0 0 
   295	   45 123 102 115 	4    2 0	0 0 0 0 0 0 0 0 
   296	  102 123 43 117 	4    2 0	0 0 0 0 0 0 0 0 
   297	  127 43 45 123 	4    2 0	0 0 0 0 0 0 0 0 
   298	  103 127 45 115 	4    2 0	0 0 0 0 0 0 0 0 
   299	   47 129 105 128 	4    2 0	0 0 0 0 0 0 0 0 
   300	   48 128 106 125 	4    2 0	0 0 0 0 0 0 0 0 
   301	  109 120 48 125 	4    2 0	0 0 0 0 0 0 0 0 
   302	  120 48 125 68 	4    2 0	0 0 0 0 0 0 0 0 
   303	   47 128 107 129 	4    2 0	0 0 0 0 0 0 0 0 
   304	   46 129 108 127 	4    2 0	0 0 0 0 0 0 0 0 
   305	   43 123 108 117 	4    2 0	0 0 0 0 0 0 0 0 
   306	  108 127 43 46 	4    2 0	0 0 0 0 0 0 0 0 
   307	  110 2 52 56 	4    2 0	0 0 0 0 0 0 0 0 
   308	   79 110 49 138 	4    2 0	0 0 0 0 0 0 0 0 
   309	   49 111 79 138 	4    2 0	0 0 0 0 0 0 0 0 
   310	   54 101 58 120 	4    2 0	0 0 0 0 0 0 0 0 
   311	   39 138 55 137 	4    2 0	0 0 0 0 0 0 0 0 
   312	  120 51 54 40 	4    2 0	0 0 0 0 0 0 0 0 
   313	  110 57 55 137 	4    2 0	0 0 0 0 0 0 0 0 
   314	   55 138 110 137 	4    2 0	0 0 0 0 0 0 0 0 
   315	   57 101 55 137 	4    2 0	0 0 0 0 0 0 0 0 
   316	   72 113 84 139 	4    2 0	0 0 0 0 0 0 0 0 
   317	   84 112 72 139 	4    2 0	0 0 0 0 0 0 0 0 
   318	   73 92 88 113 	4    2 0	0 0 0 0 0 0 0 0 
   319	   65 115 90 102 	4    2 0	0 0 0 0 0 0 0 0 
   320	   91 139 34 103 	4    2 0	0 0 0 0 0 0 0 0 
   321	  103 112 91 139 	4    2 0	0 0 0 0 0 0 0 0 
   322	   66 87 112 60 	4    2 0	0 0 0 0 0 0 0 0 
   323	  114 102 86 117 	4    2 0	0 0 0 0 0 0 0 0 
   324	  115 116 85 103 	4    2 0	0 0 0 0 0 0 0 0 
   325	  112 103 91 116 	4    2 0	0 0 0 0 0 0 0 0 
   326	   77 141 61 118 	4    2 0	0 0 0 0 0 0 0 0 
   327	  141 77 61 112 	4    2 0	0 0 0 0 0 0 0 0 
   328	   76 118 62 119 	4    2 0	0 0 0 0 0 0 0 0 
   329	  132 63 75 110 	4    2 0	0 0 0 0 0 0 0 0 
   330	  137 109 57 101 	4    2 0	0 0 0 0 0 0 0 0 
   331	  101 109 58 120 	4    2 0	0 0 0 0 0 0 0 0 
   332	   66 112 126 61 	4    2 0	0 0 0 0 0 0 0 0 
   333	   61 121 118 141 	4    2 0	0 0 0 0 0 0 0 0 
   334	  118 121 62 119 	4    2 0	0 0 0 0 0 0 0 0 
   335	   62 122 119 121 	4    2 0	0 0 0 0 0 0 0 0 
   336	  122 63 132 124 	4    2 0	0 0 0 0 0 0 0 0 
   337	  114 123 65 102 	4    2 0	0 0 0 0 0 0 0 0 
   338	   66 116 115 126 	4    2 0	0 0 0 0 0 0 0 0 
   339	  110 124 57 137 	4    2 0	0 0 0 0 0 0 0 0 
   340	  109 124 67 106 	4    2 0	0 0 0 0 0 0 0 0 
   341	   67 125 109 106 	4    2 0	0 0 0 0 0 0 0 0 
   342	  109 125 58 120 	4    2 0	0 0 0 0 0 0 0 0 
   343	  117 69 123 108 	4    2 0	0 0 0 0 0 0 0 0 
   344	  104 121 61 141 	4    2 0	0 0 0 0 0 0 0 0 
   345	   61 104 70 121 	4    2 0	0 0 0 0 0 0 0 0 
   346	   70 105 121 104 	4    2 0	0 0 0 0 0 0 0 0 
   347	  122 121 62 67 	4    2 0	0 0 0 0 0 0 0 0 
   348	   67 124 122 106 	4    2 0	0 0 0 0 0 0 0 0 
   349	   69 127 123 108 	4    2 0	0 0 0 0 0 0 0 0 
   350	  123 127 65 115 	4    2 0	0 0 0 0 0 0 0 0 
   351	  115 127 70 126 	4    2 0	0 0 0 0 0 0 0 0 
   352	   67 128 125 106 	4    2 0	0 0 0 0 0 0 0 0 
   353	   48 68 128 125 	4    2 0	0 0 0 0 0 0 0 0 
   354	   70 128 105 129 	4    2 0	0 0 0 0 0 0 0 0 
   355	   69 129 127 108 	4    2 0	0 0 0 0 0 0 0 0 
   356	  127 129 70 104 	4    2 0	0 0 0 0 0 0 0 0 
   357	  128 129 68 107 	4    2 0	0 0 0 0 0 0 0 0 
   358	   73 93 92 113 	4    2 0	0 0 0 0 0 0 0 0 
   359	  141 112 130 77 	4    2 0	0 0 0 0 0 0 0 0 
   360	  112 130 72 139 	4    2 0	0 0 0 0 0 0 0 0 
   361	   72 130 113 139 	4    2 0	0 0 0 0 0 0 0 0 
   362	  113 130 80 97 	4    2 0	0 0 0 0 0 0 0 0 
   363	   80 131 113 97 	4    2 0	0 0 0 0 0 0 0 0 
   364	  113 131 73 93 	4    2 0	0 0 0 0 0 0 0 0 
   365	   93 131 81 94 	4    2 0	0 0 0 0 0 0 0 0 
   366	   79 132 110 138 	4    2 0	0 0 0 0 0 0 0 0 
   367	   63 132 75 119 	4    2 0	0 0 0 0 0 0 0 0 
   368	  119 132 82 133 	4    2 0	0 0 0 0 0 0 0 0 
   369	  119 133 76 118 	4    2 0	0 0 0 0 0 0 0 0 
   370	   83 135 96 95 	4    2 0	0 0 0 0 0 0 0 0 
   371	   96 135 78 111 	4    2 0	0 0 0 0 0 0 0 0 
   372	  111 135 82 100 	4    2 0	0 0 0 0 0 0 0 0 
   373	   82 132 111 100 	4    2 0	0 0 0 0 0 0 0 0 
   374	  111 132 79 138 	4    2 0	0 0 0 0 0 0 0 0 
   375	   80 136 131 98 	4    2 0	0 0 0 0 0 0 0 0 
   376	  131 136 81 94 	4    2 0	0 0 0 0 0 0 0 0 
   377	   82 136 133 99 	4    2 0	0 0 0 0 0 0 0 0 
   378	  133 136 80 98 	4    2 0	0 0 0 0 0 0 0 0 
   379	   95 136 134 83 	4    2 0	0 0 0 0 0 0 0 0 
   380	  131 97 93 113 	4    2 0	0 0 0 0 0 0 0 0 
   381	   12 134 136 94 	4    2 0	0 0 0 0 0 0 0 0 
   382	  136 11 131 98 	4    2 0	0 0 0 0 0 0 0 0 
   383	   82 95 99 135 	4    2 0	0 0 0 0 0 0 0 0 
   384	   97 131 98 80 	4    2 0	0 0 0 0 0 0 0 0 
   385	  139 104 97 103 	4    2 0	0 0 0 0 0 0 0 0 
   386	   98 104 97 130 	4    2 0	0 0 0 0 0 0 0 0 
   387	   98 136 99 133 	4    2 0	0 0 0 0 0 0 0 0 
   388	   99 135 100 82 	4    2 0	0 0 0 0 0 0 0 0 
   389	   99 132 37 140 	4    2 0	0 0 0 0 0 0 0 0 
   390	  100 132 99 82 	4    2 0	0 0 0 0 0 0 0 0 
   391	  139 97 104 130 	4    2 0	0 0 0 0 0 0 0 0 
   392	   97 139 113 130 	4    2 0	0 0 0 0 0 0 0 0 
   393	   98 121 104 141 	4    2 0	0 0 0 0 0 0 0 0 
   394	  104 98 105 121 	4    2 0	0 0 0 0 0 0 0 0 
   395	  140 99 133 98 	4    2 0	0 0 0 0 0 0 0 0 
   396	   37 140 105 98 	4    2 0	0 0 0 0 0 0 0 0 
   397	  111 132 39 100 	4    2 0	0 0 0 0 0 0 0 0 
   398	  104 129 46 127 	4    2 0	0 0 0 0 0 0 0 0 
   399	  105 129 104 70 	4    2 0	0 0 0 0 0 0 0 0 
   400	  105 140 106 122 	4    2 0	0 0 0 0 0 0 0 0 
   401	   67 105 106 122 	4    2 0	0 0 0 0 0 0 0 0 
   402	  140 98 121 105 	4    2 0	0 0 0 0 0 0 0 0 
   403	  106 137 109 124 	4    2 0	0 0 0 0 0 0 0 0 
   404	  132 137 106 124 	4    2 0	0 0 0 0 0 0 0 0 
   405	   48 68 107 128 	4    2 0	0 0 0 0 0 0 0 0 
   406	  102 115 123 65 	4    2 0	0 0 0 0 0 0 0 0 
   407	  123 115 45 127 	4    2 0	0 0 0 0 0 0 0 0 
   408	  123 117 102 114 	4    2 0	0 0 0 0 0 0 0 0 
   409	   69 117 123 114 	4    2 0	0 0 0 0 0 0 0 0 
   410	  109 137 57 124 	4    2 0	0 0 0 0 0 0 0 0 
   411	  116 103 115 126 	4    2 0	0 0 0 0 0 0 0 0 
   412	  104 112 61 126 	4    2 0	0 0 0 0 0 0 0 0 
   413	  116 126 112 103 	4    2 0	0 0 0 0 0 0 0 0 
   414	  118 141 121 133 	4    2 0	0 0 0 0 0 0 0 0 
   415	  133 121 119 140 	4    2 0	0 0 0 0 0 0 0 0 
   416	  119 121 122 140 	4    2 0	0 0 0 0 0 0 0 0 
   417	   63 122 132 119 	4    2 0	0 0 0 0 0 0 0 0 
   418	   63 110 132 124 	4    2 0	0 0 0 0 0 0 0 0 
   419	  107 69 108 129 	4    2 0	0 0 0 0 0 0 0 0 
   420	   70 104 126 127 	4    2 0	0 0 0 0 0 0 0 0 
   421	  105 122 121 140 	4    2 0	0 0 0 0 0 0 0 0 
   422	  105 67 106 128 	4    2 0	0 0 0 0 0 0 0 0 
   423	  132 106 122 124 	4    2 0	0 0 0 0 0 0 0 0 
   424	  103 127 126 104 	4    2 0	0 0 0 0 0 0 0 0 
   425	  104 130 112 139 	4    2 0	0 0 0 0 0 0 0 0 
   426	   80 97 130 98 	4    2 0	0 0 0 0 0 0 0 0 
   427	  137 110 132 138 	4    2 0	0 0 0 0 0 0 0 0 
   428	   82 133 132 99 	4    2 0	0 0 0 0 0 0 0 0 
   429	  132 133 119 140 	4    2 0	0 0 0 0 0 0 0 0 
   430	  121 133 119 118 	4    2 0	0 0 0 0 0 0 0 0 
   431	  133 98 130 141 	4    2 0	0 0 0 0 0 0 0 0 
   432	  133 77 130 80 	4    2 0	0 0 0 0 0 0 0 0 
   433	   81 94 136 134 	4    2 0	0 0 0 0 0 0 0 0 
   434	   95 82 99 136 	4    2 0	0 0 0 0 0 0 0 0 
   435	  104 130 98 141 	4    2 0	0 0 0 0 0 0 0 0 
   436	  132 140 99 133 	4    2 0	0 0 0 0 0 0 0 0 
   437	  112 103 104 139 	4    2 0	0 0 0 0 0 0 0 0 
   438	  121 141 98 133 	4    2 0	0 0 0 0 0 0 0 0 
   439	   98 140 121 133 	4    2 0	0 0 0 0 0 0 0 0 
   440	  110 137 132 124 	4    2 0	0 0 0 0 0 0 0 0 
   441	  127 103 126 115 	4    2 0	0 0 0 0 0 0 0 0 
   442	  112 104 61 141 	4    2 0	0 0 0 0 0 0 0 0 
   443	  106 132 122 140 	4    2 0	0 0 0 0 0 0 0 0 
   444	  103 112 104 126 	4    2 0	0 0 0 0 0 0 0 0 
   445	  130 104 112 141 	4    2 0	0 0 0 0 0 0 0 0 
   446	  119 140 122 132 	4    2 0	0 0 0 0 0 0 0 0 
   447	  133 130 98 80 	4    2 0	0 0 0 0 0 0 0 0 
   448	  140 37 99 98 	4    2 0	0 0 0 0 0 0 0 0 
   449	  141 133 118 77 	4    2 0	0 0 0 0 0 0 0 0 

     0 0 0 0 0
     1 0 0 0 0
     2 0 0 0 0
     3 0 0 0 0
     4 0 0 0 0
     5 0 0 0 0
     6 0 0 0 0
     7 0 0 0 0
     8 0 0 0 0
     9 0 0 0 0
    10 0 0 0 0
    11 0 0 0 0
    12 0 0 0 0
    13 0 0 0 0
    14 0 0 0 0
    15 0 0 0 0
    16 0 0 0 0
    17 0 0 0 0
    18 0 0 0 0
    19 0 0 0 0
    20 0 0 0 0
    21 0 0 0 0
    22 0 0 0 0
    23 0 0 0 0
    24 0 0 0 0
    25 0 0 0 0
    26 0 0 0 0
    27 0 0 0 0
    28 0 0 0 0
    29 0 0 0 0
    30 0 0 0 0
    31 0 0 0 0
    32 0 0 0 0
    33 0 0 0 0
    34 0 0 0 0
    35 0 0 0 0
    36 0 0 0 0
    37 0 0 0 0
    38 0 0 0 0
    39 0 0 0 0
    40 0 0 0 0
    41 0 0 0 0
    42 0 0 0 0
    43 0 0 0 0
    44 0 0 0 0
    45 0 0 0 0
    46 0 0 0 0
    47 0 0 0 0
    48 0 0 0 0
    49 0 0 0 0
    50 0 0 0 0
    51 0 0 0 0
    52 0 0 0 0
    53 0 0 0 0
    54 0 0 0 0
    55 0 0 0 0
    56 0 0 0 0
    57 0 0 0 0
    58 0 0 0 0
    59 0 0 0 0
    60 0 0 0 0
    61 0 0 0 0
    62 0 0 0 0
    63 0 0 0 0
    64 0 0 0 0
    65 0 0 0 0
    66 0 0 0 0
    67 0 0 0 0
    68 0 0 0 0
    69 0 0 0 0
    70 0 0 0 0
    71 0 0 0 0
    72 0 0 0 0
    73 0 0 0 0
    74 0 0 0 0
    75 0 0 0 0
    76 0 0 0 0
    77 0 0 0 0
    78 0 0 0 0
    79 0 0 0 0
    80 0 0 0 0
    81 0 0 0 0
    82 0 0 0 0
    83 0 0 0 0
    84 0 0 0 0
    85 0 0 0 0
    86 0 0 0 0
    87 0 0 0 0
    88 0 0 0 0
    89 0 0 0 0
    90 0 0 0 0
    91 0 0 0 0
    92 0 0 0 0
    93 0 0 0 0
    94 0 0 0 0
    95 0 0 0 0
    96 0 0 0 0
    97 0 0 0 0
    98 0 0 0 0
    99 0 0 0 0
   100 0 0 0 0
   101 0 0 0 0
   102 0 0 0 0
   103 0 0 0 0
   104 0 0 0 0
   105 0 0 0 0
   106 0 0 0 0
   107 0 0 0 0
   108 0 0 0 0
   109 0 0 0 0
   110 0 0 0 0
   111 0 0 0 0
   112 0 0 0 0
   113 0 0 0 0
   114 0 0 0 0
   115 0 0 0 0
   116 0 0 0 0
   117 0 0 0 0
   118 0 0 0 0
   119 0 0 0 0
   120 0 0 0 0
   121 0 0 0 0
   122 0 0 0 0
   123 0 0 0 0
   124 0 0 0 0
   125 0 0 0 0
   126 0 0 0 0
   127 0 0 0 0
   128 0 0 0 0
   129 0 0 0 0
   130 0 0 0 0
   131 0 0 0 0
   132 0 0 0 0
   133 0 0 0 0
   134 0 0 0 0
   135 0 0 0 0
   136 0 0 0 0
   137 0 0 0 0
   138 0 0 0 0
   139 0 0 0 0
   140 0 0 0 0
   141 0 0 0 0
   142 0 0 0 0
   143 0 0 0 0
   144 0 0 0 0
   145 0 0 0 0
   146 0 0 0 0
   147 0 0 0 0
   148 0 0 0 0
   149 0 0 0 0
   150 0 0 0 0
   151 0 0 0 0
   152 0 0 0 0
   153 0 0 0 0
   154 0 0 0 0
   155 0 0 0 0
   156 0 0 0 0
   157 0 0 0 0
   158 0 0 0 0
   159 0 0 0 0
   160 0 0 0 0
   161 0 0 0 0
   162 0 0 0 0
   163 0 0 0 0
   164 0 0 0 0
   165 0 0 0 0
   166 0 0 0 0
   167 0 0 0 0
   168 0 0 0 0
   169 0 0 0 0
   170 0 0 0 0
   171 0 0 0 0
   172 0 0 0 0
   173 0 0 0 0
   174 0 0 0 0
   175 0 0 0 0
   176 0 0 0 0
   177 0 0 0 0
   178 0 0 0 0
   179 0 0 0 0
   180 0 0 0 0
   181 0 0 0 0
   182 0 0 0 0
   183 0 0 0 0
   184 0 0 0 0
   185 0 0 0 0
   186 0 0 0 0
   187 0 0 0 0
   188 0 0 0 0
   189 0 0 0 0
   190 0 0 0 0
   191 0 0 0 0
   192 0 0 0 0
   193 0 0 0 0
   194 0 0 0 0
   195 0 0 0 0
   196 0 0 0 0
   197 0 0 0 0
   198 0 0 0 0
   199 0 0 0 0
   200 0 0 0 0
   201 0 0 0 0
   202 0 0 0 0
   203 0 0 0 0
   204 0 0 0 0
   205 0 0 0 0
   206 0 0 0 0
   207 0 0 0 0
   208 0 0 0 0
   209 0 0 0 0
   210 0 0 0 0
   211 0 0 0 0
   212 0 0 0 0
   213 0 0 0 0
   214 0 0 0 0
   215 0 0 0 0
   216 0 0 0 0
   217 0 0 0 0
   218 0 0 0 0
   219 0 0 0 0
   220 0 0 0 0
   221 0 0 0 0
   222 0 0 0 0
   223 0 0 0 0
   224 0 0 0 0
   225 0 0 0 0
   226 0 0 0 0
   227 0 0 0 0
   228 0 0 0 0
   229 0 0 0 0
   230 0 0 0 0
   231 0 0 0 0
   232 0 0 0 0
   233 0 0 0 0
   234 0 0 0 0
   235 0 0 0 0
   236 0 0 0 0
   237 0 0 0 0
   238 0 0 0 0
   239 0 0 0 0
   240 0 0 0 0
   241 0 0 0 0
   242 0 0 0 0
   243 0 0 0 0
   244 0 0 0 0
   245 0 0 0 0
   246 0 0 0 0
   247 0 0 0 0
   248 0 0 0 0
   249 0 0 0 0
   250 0 0 0 0
   251 0 0 0 0
   252 0 0 0 0
   253 0 0 0 0
   254 0 0 0 0
   255 0 0 0 0
   256 0 0 0 0
   257 0 0 0 0
   258 0 0 0 0
   259 0 0 0 0
   260 0 0 0 0
   261 0 0 0 0
   262 0 0 0 0
   263 0 0 0 0
   264 0 0 0 0
   265 0 0 0 0
   266 0 0 0 0
   267 0 0 0 0
   268 0 0 0 0
   269 0 0 0 0
   270 0 0 0 0
   271 0 0 0 0
   272 0 0 0 0
   273 0 0 0 0
   274 0 0 0 0
   275 0 0 0 0
   276 0 0 0 0
   277 0 0 0 0
   278 0 0 0 0
   279 0 0 0 0
   280 0 0 0 0
   281 0 0 0 0
   282 0 0 0 0
   283 0 0 0 0
   284 0 0 0 0
   285 0 0 0 0
   286 0 0 0 0
   287 0 0 0 0
   288 0 0 0 0
   289 0 0 0 0
   290 0 0 0 0
   291 0 0 0 0
   292 0 0 0 0
   293 0 0 0 0
   294 0 0 0 0
   295 0 0 0 0
   296 0 0 0 0
   297 0 0 0 0
   298 0 0 0 0
   299 0 0 0 0
   300 0 0 0 0
   301 0 0 0 0
   302 0 0 0 0
   303 0 0 0 0
   304 0 0 0 0
   305 0 0 0 0
   306 0 0 0 0
   307 0 0 0 0
   308 0 0 0 0
   309 0 0 0 0
   310 0 0 0 0
   311 0 0 0 0
   312 0 0 0 0
   313 0 0 0 0
   314 0 0 0 0
   315 0 0 0 0
   316 0 0 0 0
   317 0 0 0 0
   318 0 0 0 0
   319 0 0 0 0
   320 0 0 0 0
   321 0 0 0 0
   322 0 0 0 0
   323 0 0 0 0
   324 0 0 0 0
   325 0 0 0 0
   326 0 0 0 0
   327 0 0 0 0
   328 0 0 0 0
   329 0 0 0 0
   330 0 0 0 0
   331 0 0 0 0
   332 0 0 0 0
   333 0 0 0 0
   334 0 0 0 0
   335 0 0 0 0
   336 0 0 0 0
   337 0 0 0 0
   338 0 0 0 0
   339 0 0 0 0
   340 0 0 0 0
   341 0 0 0 0
   342 0 0 0 0
   343 0 0 0 0
   344 0 0 0 0
   345 0 0 0 0
   346 0 0 0 0
   347 0 0 0 0
   348 0 0 0 0
   349 0 0 0 0
   350 0 0 0 0
   351 0 0 0 0
   352 0 0 0 0
   353 0 0 0 0
   354 0 0 0 0
   355 0 0 0 0
   356 0 0 0 0
   357 0 0 0 0
   358 0 0 0 0
   359 0 0 0 0
   360 0 0 0 0
   361 0 0 0 0
   362 0 0 0 0
   363 0 0 0 0
   364 0 0 0 0
   365 0 0 0 0
   366 0 0 0 0
   367 0 0 0 0
   368 0 0 0 0
   369 0 0 0 0
   370 0 0 0 0
   371 0 0 0 0
   372 0 0 0 0
   373 0 0 0 0
   374 0 0 0 0
   375 0 0 0 0
   376 0 0 0 0
   377 0 0 0 0
   378 0 0 0 0
   379 0 0 0 0
   380 0 0 0 0
   381 0 0 0 0
   382 0 0 0 0
   383 0 0 0 0
   384 0 0 0 0
   385 0 0 0 0
   386 0 0 0 0
   387 0 0 0 0
   388 0 0 0 0
   389 0 0 0 0
   390 0 0 0 0
   391 0 0 0 0
   392 0 0 0 0
   393 0 0 0 0
   394 0 0 0 0
   395 0 0 0 0
   396 0 0 0 0
   397 0 0 0 0
   398 0 0 0 0
   399 0 0 0 0
   400 0 0 0 0
   401 0 0 0 0
   402 0 0 0 0
   403 0 0 0 0
   404 0 0 0 0
   405 0 0 0 0
   406 0 0 0 0
   407 0 0 0 0
   408 0 0 0 0
   409 0 0 0 0
   410 0 0 0 0
   411 0 0 0 0
   412 0 0 0 0
   413 0 0 0 0
   414 0 0 0 0
   415 0 0 0 0
   416 0 0 0 0
   417 0 0 0 0
   418 0 0 0 0
   419 0 0 0 0
   420 0 0 0 0
   421 0 0 0 0
   422 0 0 0 0
   423 0 0 0 0
   424 0 0 0 0
   425 0 0 0 0
   426 0 0 0 0
   427 0 0 0 0
   428 0 0 0 0
   429 0 0 0 0
   430 0 0 0 0
   431 0 0 0 0
   432 0 0 0 0
   433 0 0 0 0
   434 0 0 0 0
   435 0 0 0 0
   436 0 0 0 0
   437 0 0 0 0
   438 0 0 0 0
   439 0 0 0 0
   440 0 0 0 0
   441 0 0 0 0
   442 0 0 0 0
   443 0 0 0 0
   444 0 0 0 0
   445 0 0 0 0
   446 0 0 0 0
   447 0 0 0 0
   448 0 0 0 0
   449 0 0 0 0


  1.00000000e+03   1.92500000e+02   0.00000000e+00   3.85000000e+02   0.00000000e+00   0.00000000e+00   3.00000000e-01   0.00000000e+00   0.00000000e+00   1.00000000e+00   1.00000000e+00   1.00000000e+00   1.00000000e+07 	1 2 

1 
1 0 0 	0 1 0 	0 0 1 

0 0.5 0.5

0

0

0
