148 3 450

10000 1e-05 1e-15

1 1 1

4 4 4 4 4 4 4 4 4 4 4 4 4 4 4 4 4 4 4 4 4 4 4 4 4 4 4 4 4 4 4 4 4 4 4 4 4 4 4 4 4 4 4 4 4 4 4 4 4 4 4 4 4 4 4 4 4 4 4 4 4 4 4 4 4 4 4 4 4 4 4 4 4 4 4 4 4 4 4 4 4 4 4 4 4 4 4 4 4 4 4 4 4 4 4 4 4 4 4 4 4 4 4 4 4 4 4 4 4 4 4 4 4 4 4 4 4 4 4 4 4 4 4 4 4 4 4 4 4 4 4 4 4 4 4 4 4 4 4 4 4 4 4 4 4 4 4 4 4 4 4 4 4 4 4 4 4 4 4 4 4 4 4 4 4 4 4 4 4 4 4 4 4 4 4 4 4 4 4 4 4 4 4 4 4 4 4 4 4 4 4 4 4 4 4 4 4 4 4 4 4 4 4 4 4 4 4 4 4 4 4 4 4 4 4 4 4 4 4 4 4 4 4 4 4 4 4 4 4 4 4 4 4 4 4 4 4 4 4 4 4 4 4 4 4 4 4 4 4 4 4 4 4 4 4 4 4 4 4 4 4 4 4 4 4 4 4 4 4 4 4 4 4 4 4 4 4 4 4 4 4 4 4 4 4 4 4 4 4 4 4 4 4 4 4 4 4 4 4 4 4 4 4 4 4 4 4 4 4 4 4 4 4 4 4 4 4 4 4 4 4 4 4 4 4 4 4 4 4 4 4 4 4 4 4 4 4 4 4 4 4 4 4 4 4 4 4 4 4 4 4 4 4 4 4 4 4 4 4 4 4 4 4 4 4 4 4 4 4 4 4 4 4 4 4 4 4 4 4 4 4 4 4 4 4 4 4 4 4 4 4 4 4 4 4 4 4 4 4 4 4 4 4 4 4 4 4 4 4 4 4 4 4 4 4 4 4 4 4 4 4 4 4 4 4 4 4 4 4 4 4 4 4 4 4 4 4 4 4 4 4 4 4 4 4 4 4 4 4 4 

  -1    1    0	 -5.00000000e-01   0.00000000e+00  -2.00000000e-01 	1    6 0
  -1    1    1	  5.00000000e-01   0.00000000e+00  -2.00000000e-01 	1    8 0
  -1    1    2	  5.00000000e-01   5.00000000e-01  -5.00000000e-01 	1   11 0
  -1    1    3	 -5.00000000e-01   5.00000000e-01  -5.00000000e-01 	1   15 0
  -1    1    4	 -5.00000000e-01  -5.00000000e-01  -5.00000000e-01 	1   17 0
   2    1    5	  5.00000000e-01  -1.40070500e-01  -1.42759400e-01 	2   12 0
   3    2    6	 -5.00000000e-01  -1.99998900e-01  -6.60860200e-04 	2   10 0
  -1    1    7	 -5.00000000e-01  -1.40070500e-01  -1.42759400e-01 	2   10 0
   4    0    8	  5.00000000e-01   1.40070500e-01  -1.42759400e-01 	2   13 0
   5    1    9	 -5.00000000e-01   1.40070500e-01  -1.42759400e-01 	2   11 0
  -1    1   10	  3.30173400e-01   0.00000000e+00  -2.00000000e-01 	2   15 0
  -1    1   11	  1.61006500e-01   0.00000000e+00  -2.00000000e-01 	2   15 0
  -1    1   12	 -4.59385500e-03   0.00000000e+00  -2.00000000e-01 	2   15 0
  -1    1   13	 -1.68179100e-01   0.00000000e+00  -2.00000000e-01 	2   15 0
  -1    1   14	 -3.32340000e-01   0.00000000e+00  -2.00000000e-01 	2   15 0
   8    1   15	  5.00000000e-01   5.00000000e-01  -1.00000000e-01 	2   16 0
   9    0   16	  5.00000000e-01   5.00000000e-01  -3.00000000e-01 	2   16 0
   9    0   17	 -5.00000000e-01   5.00000000e-01  -3.00000000e-01 	2   18 0
  10    2   18	 -5.00000000e-01  -5.00000000e-01   1.00000000e-01 	2   19 0
   8    1   19	 -5.00000000e-01  -5.00000000e-01  -1.00000000e-01 	2   19 0
   9    0   20	 -5.00000000e-01  -5.00000000e-01  -3.00000000e-01 	2   19 0
  72    0   21	  5.00000000e-01   3.00000000e-01  -5.00000000e-01 	2   21 0
  12    0   22	  5.00000000e-01   1.00000000e-01  -5.00000000e-01 	2   21 0
  73    1   23	  5.00000000e-01  -1.00000000e-01  -5.00000000e-01 	2   21 0
  11    1   24	  5.00000000e-01  -3.00000000e-01  -5.00000000e-01 	2   21 0
  72    0   25	 -5.00000000e-01   3.00000000e-01  -5.00000000e-01 	2   23 0
  12    0   26	 -5.00000000e-01   1.00000000e-01  -5.00000000e-01 	2   23 0
  73    1   27	 -5.00000000e-01  -1.00000000e-01  -5.00000000e-01 	2   23 0
  11    1   28	 -5.00000000e-01  -3.00000000e-01  -5.00000000e-01 	2   23 0
  71    0   29	  3.00000000e-01   5.00000000e-01  -5.00000000e-01 	2   25 0
  69    0   30	  1.00000000e-01   5.00000000e-01  -5.00000000e-01 	2   25 0
  13    1   31	 -1.00000000e-01   5.00000000e-01  -5.00000000e-01 	2   25 0
  70    0   32	 -3.00000000e-01   5.00000000e-01  -5.00000000e-01 	2   25 0
  13    1   33	 -1.00000000e-01  -5.00000000e-01  -5.00000000e-01 	2   27 0
  70    0   34	 -3.00000000e-01  -5.00000000e-01  -5.00000000e-01 	2   27 0
  18    1   35	  3.84441500e-01  -1.06168900e-01  -1.68834000e-01 	3  100 0
  19    1   36	  2.44397500e-01  -1.25662600e-01  -1.52781500e-01 	3  100 0
  20    2   37	  7.92373300e-02  -1.31750200e-01  -1.44470700e-01 	3  100 0
  -1    1   38	 -8.50687900e-02  -1.33209700e-01  -1.40503600e-01 	3  100 0
  -1    1   39	 -2.46198000e-01  -1.34120600e-01  -1.39054800e-01 	3  100 0
  -1    1   40	 -3.99812000e-01  -1.36761500e-01  -1.40040900e-01 	3  100 0
  21    1   41	 -3.26419000e-01  -1.99999200e-01  -5.36625200e-04 	3  100 0
  22    2   42	 -1.65558800e-01  -1.99989900e-01  -1.85582100e-03 	3  100 0
  23    1   43	 -2.33504200e-03  -1.99902400e-01  -5.85935200e-03 	3  100 0
  24    0   44	  3.49242900e-01   1.96080100e-01  -3.89930000e-02 	3  200 0
  -1    1   45	  3.84441500e-01   1.06168900e-01  -1.68834000e-01 	3  200 0
  -1    1   46	  2.44397500e-01   1.25662600e-01  -1.52781500e-01 	3  200 0
  25    0   47	  7.92373300e-02   1.31750200e-01  -1.44470700e-01 	3  200 0
  26    0   48	 -8.50687900e-02   1.33209700e-01  -1.40503600e-01 	3  200 0
  27    1   49	 -2.46198000e-01   1.34120600e-01  -1.39054800e-01 	3  200 0
  28    0   50	 -3.99812000e-01   1.36761500e-01  -1.40040900e-01 	3  200 0
  29    1   51	  1.65771500e-01   1.99363900e-01  -1.53412600e-02 	3  200 0
  30    0   52	  5.00000000e-01   3.01079400e-01  -1.47005700e-01 	5    3 0
  80    1   53	  5.00000000e-01   8.83582600e-02  -3.05069800e-01 	5    3 0
  32    2   54	  5.00000000e-01  -1.76844800e-01  -3.20217200e-01 	5    3 0
  82    1   55	  5.00000000e-01  -1.76787000e-02  -3.65031700e-01 	5    3 0
  42    1   56	  5.00000000e-01   3.86752600e-01  -3.10746700e-01 	5    3 0
  81    1   57	  5.00000000e-01   2.19399500e-01  -3.17558000e-01 	5    3 0
  33    1   58	  3.32333200e-01   5.00000000e-01  -1.99058800e-01 	5    4 0
 101    1   59	  3.66424800e-01   5.00000000e-01  -3.66173300e-01 	5    4 0
  98    1   60	  1.99517700e-01   5.00000000e-01  -3.31848200e-01 	5    4 0
  43    2   61	 -8.39511900e-03   5.00000000e-01  -3.20791000e-01 	5    4 0
 100    1   62	 -2.10789200e-01   5.00000000e-01  -3.41380300e-01 	5    4 0
  99    1   63	 -3.70224400e-01   5.00000000e-01  -3.70374900e-01 	5    4 0
  34    0   64	 -3.41032400e-01   5.00000000e-01  -2.11033100e-01 	5    4 0
  35    1   65	  1.06393000e-01   5.00000000e-01  -1.05119800e-01 	5    4 0
  36    0   66	 -1.45831800e-01   5.00000000e-01  -1.46514300e-01 	5    4 0
  30    0   67	 -5.00000000e-01   3.01079400e-01  -1.47005700e-01 	5    6 0
  80    1   68	 -5.00000000e-01   8.83582600e-02  -3.05069800e-01 	5    6 0
  41    2   69	 -5.00000000e-01  -3.68243000e-01  -1.72530500e-04 	5    6 0
  83    1   70	 -5.00000000e-01  -3.20666200e-01  -1.74686900e-01 	5    6 0
  84    1   71	 -5.00000000e-01  -3.59502000e-01  -3.58987500e-01 	5    6 0
  32    2   72	 -5.00000000e-01  -1.76844800e-01  -3.20217200e-01 	5    6 0
  82    1   73	 -5.00000000e-01  -1.76787000e-02  -3.65031700e-01 	5    6 0
  42    1   74	 -5.00000000e-01   3.86752600e-01  -3.10746700e-01 	5    6 0
  81    1   75	 -5.00000000e-01   2.19399500e-01  -3.17558000e-01 	5    6 0
  43    2   76	 -8.39511900e-03  -5.00000000e-01  -3.20791000e-01 	5    7 0
 100    1   77	 -2.10789200e-01  -5.00000000e-01  -3.41380300e-01 	5    7 0
  99    1   78	 -3.70224400e-01  -5.00000000e-01  -3.70374900e-01 	5    7 0
  34    0   79	 -3.41032400e-01  -5.00000000e-01  -2.11033100e-01 	5    7 0
  44    1   80	 -3.20289300e-01  -5.00000000e-01  -8.66625100e-03 	5    7 0
  36    0   81	 -1.45831800e-01  -5.00000000e-01  -1.46514300e-01 	5    7 0
 103    0   82	 -3.70728700e-01   3.70551500e-01  -5.00000000e-01 	5    8 0
 105    0   83	 -3.41943700e-01   2.11278000e-01  -5.00000000e-01 	5    8 0
  37    2   84	 -3.21439800e-01   8.94504600e-03  -5.00000000e-01 	5    8 0
 113    1   85	 -3.32358100e-01  -1.99066800e-01  -5.00000000e-01 	5    8 0
 112    1   86	 -3.66438500e-01  -3.66176800e-01  -5.00000000e-01 	5    8 0
 104    0   87	  3.65959900e-01   3.66291800e-01  -5.00000000e-01 	5    8 0
 108    0   88	  1.98577800e-01   3.32099400e-01  -5.00000000e-01 	5    8 0
 109    0   89	 -9.55606200e-03   3.21082300e-01  -5.00000000e-01 	5    8 0
 110    0   90	 -2.11699900e-01   3.41479600e-01  -5.00000000e-01 	5    8 0
 111    1   91	 -1.99547600e-01  -3.31853100e-01  -5.00000000e-01 	5    8 0
  45    1   92	  8.33978200e-03  -3.20788200e-01  -5.00000000e-01 	5    8 0
  46    2   93	  3.40970500e-01  -2.11024600e-01  -5.00000000e-01 	5    8 0
  38    2   94	  3.20234300e-01  -8.67025300e-03  -5.00000000e-01 	5    8 0
 107    0   95	  3.31222000e-01   1.99359500e-01  -5.00000000e-01 	5    8 0
 102    0   96	 -1.47901000e-01   1.47049300e-01  -5.00000000e-01 	5    8 0
  39    2   97	 -1.06461100e-01  -1.05134700e-01  -5.00000000e-01 	5    8 0
 106    0   98	  1.04152900e-01   1.05730600e-01  -5.00000000e-01 	5    8 0
  40    0   99	  1.45677400e-01  -1.46483600e-01  -5.00000000e-01 	5    8 0
  52    1  100	  3.71069200e-01  -1.02430000e-01  -3.13205600e-01 	4    2 0
  53    2  101	  2.36159600e-01  -1.08480000e-01  -3.14207000e-01 	4    2 0
  54    1  102	  8.52676300e-02  -9.86953500e-02  -2.93202200e-01 	4    2 0
  -1    1  103	 -1.00383800e-01  -1.22688500e-01  -2.53887000e-01 	4    2 0
  -1    1  104	 -2.56967400e-01  -1.00968100e-01  -3.02977200e-01 	4    2 0
  -1    1  105	 -3.87139700e-01  -9.45143800e-02  -3.29199600e-01 	4    2 0
  -1    1  106	 -3.96009100e-01  -3.35610700e-01  -9.35460300e-02 	4    2 0
  55    2  107	 -3.94994700e-01  -3.34357900e-01   8.69328300e-02 	4    2 0
  56    1  108	  4.57362300e-03  -2.68981700e-01  -1.43721500e-01 	4    2 0
  57    2  109	 -1.54666300e-01  -2.68936500e-01  -1.39930200e-01 	4    2 0
  -1    1  110	  4.07419300e-01   5.88026800e-02  -3.38895200e-01 	4    2 0
  -1    1  111	  2.91995000e-01   1.04059900e-01  -3.09083500e-01 	4    2 0
  -1    1  112	  1.17807600e-01   1.47744100e-01  -2.77994000e-01 	4    2 0
  -1    1  113	 -8.49238200e-02   1.02689800e-01  -2.87494600e-01 	4    2 0
  -1    1  114	 -2.46305300e-01   1.06220000e-01  -2.63802600e-01 	4    2 0
  -1    1  115	  3.63590800e-01   2.62379900e-01  -2.16891500e-01 	4    2 0
  -1    1  116	  1.84644800e-01   2.73359100e-01  -1.82979200e-01 	4    2 0
  58    0  117	  1.10046900e-02   2.90738300e-01  -1.64200000e-01 	4    2 0
  59    0  118	 -1.57017400e-01   2.45799800e-01  -1.72301900e-01 	4    2 0
  -1    1  119	  3.61751000e-01   3.64264700e-01  -3.86361600e-01 	4    2 0
  -1    1  120	  4.01108000e-01   4.05244100e-01  -2.35425000e-01 	4    2 0
  -1    1  121	 -3.71983500e-01  -3.69999600e-01  -2.61759500e-01 	4    2 0
  -1    1  122	 -3.09858200e-01  -2.90883200e-01  -3.58244600e-01 	4    2 0
  -1    1  123	 -3.53267400e-01   9.21617000e-02  -3.33193400e-01 	4    2 0
  -1    1  124	 -3.32675600e-01   3.42738900e-01  -3.97834200e-01 	4    2 0
  61    1  125	 -3.65272400e-01   4.25992000e-01  -1.95131600e-01 	4    2 0
  62    1  126	 -3.19014000e-01   2.91061200e-01  -2.40561600e-01 	4    2 0
  -1    1  127	  1.03301100e-01   3.27691100e-01  -3.86956200e-01 	4    2 0
  -1    1  128	 -1.52123100e-01   3.24405000e-01  -4.00927200e-01 	4    2 0
  63    0  129	  3.17199300e-01   3.53518000e-01  -9.00029300e-02 	4    2 0
  -1    1  130	  1.19469900e-01   3.45101600e-01  -2.68505100e-01 	4    2 0
  -1    1  131	 -1.54310000e-01   3.38690600e-01  -2.90119800e-01 	4    2 0
  -1    1  132	  2.71458200e-01   3.87597300e-01  -2.46556200e-01 	4    2 0
  64    2  133	 -1.13737000e-01  -3.41619700e-01  -3.74559900e-01 	4    2 0
  65    2  134	 -8.31133000e-02  -3.61341300e-01  -2.64129200e-01 	4    2 0
  -1    1  135	 -2.81269100e-01  -3.63025500e-01  -1.33357400e-01 	4    2 0
  -1    1  136	 -2.29192000e-01  -3.61907900e-01  -2.47135500e-01 	4    2 0
  66    1  137	 -2.02639800e-01  -3.50771400e-01  -1.00757900e-02 	4    2 0
  -1    1  138	 -2.23589800e-01   2.23969600e-01  -3.39493900e-01 	4    2 0
  -1    1  139	 -1.94688600e-01   1.29576400e-02  -3.53914300e-01 	4    2 0
  -1    1  140	 -1.82167400e-01  -2.18025400e-01  -3.74540000e-01 	4    2 0
  -1    1  141	  2.36077600e-01   2.64734100e-01  -3.32789400e-01 	4    2 0
  -1    1  142	 -2.42788200e-02   2.60947900e-01  -3.37647000e-01 	4    2 0
  68    2  143	 -1.29594200e-02  -2.48943000e-01  -3.15685400e-01 	4    2 0
  -1    1  144	  2.27834100e-01  -2.52263300e-02  -3.58259200e-01 	4    2 0
  -1    1  145	 -3.23112000e-01  -2.43651400e-01  -2.13376900e-01 	4    2 0
  -1    1  146	 -1.83216100e-01  -2.44412500e-01  -2.71688000e-01 	4    2 0
  -1    1  147	 -1.34524100e-01   2.35353300e-01  -3.32705200e-01 	4    2 0

0

0


     0	  100 1 5 54 	4    2 0	0 0 3 0 0 0 5 0 
     1	   10 1 35 100 	4    2 0	100 0 0 0 3 0 0 0 
     2	   11 10 36 101 	4    2 0	100 0 0 0 3 0 0 0 
     3	   12 11 37 102 	4    2 0	100 0 0 0 3 0 0 0 
     4	   13 12 38 103 	4    2 0	100 0 0 0 3 0 0 0 
     5	   14 13 39 104 	4    2 0	100 0 0 0 3 0 0 0 
     6	    0 14 40 105 	4    2 0	100 0 0 0 3 0 0 0 
     7	   72 40 0 7 	4    2 0	0 0 100 6 0 0 3 5 
     8	    6 7 40 70 	4    2 0	100 6 0 0 3 5 0 0 
     9	  100 36 10 101 	4    2 0	0 0 0 0 0 0 0 0 
    10	   11 36 37 102 	4    2 0	100 0 0 0 3 0 0 0 
    11	   12 37 38 103 	4    2 0	100 0 0 0 3 0 0 0 
    12	   13 38 39 103 	4    2 0	100 0 0 0 3 0 0 0 
    13	   14 39 40 104 	4    2 0	100 0 0 0 3 0 0 0 
    14	    6 40 41 106 	4    2 0	100 0 0 0 3 0 0 0 
    15	   38 37 43 108 	4    2 0	100 0 0 0 3 0 0 0 
    16	   39 38 42 109 	4    2 0	100 0 0 0 3 0 0 0 
    17	  145 41 40 106 	4    2 0	0 0 0 0 0 0 0 0 
    18	   38 43 42 109 	4    2 0	100 0 0 0 3 0 0 0 
    19	   39 42 41 109 	4    2 0	100 0 0 0 3 0 0 0 
    20	    8 1 45 53 	4    2 0	200 3 0 0 3 5 0 0 
    21	    1 10 45 110 	4    2 0	200 0 0 0 3 0 0 0 
    22	   10 11 46 111 	4    2 0	200 0 0 0 3 0 0 0 
    23	   11 12 47 112 	4    2 0	200 0 0 0 3 0 0 0 
    24	   12 13 48 113 	4    2 0	200 0 0 0 3 0 0 0 
    25	   13 14 49 114 	4    2 0	200 0 0 0 3 0 0 0 
    26	  123 0 50 68 	4    2 0	0 0 0 0 0 0 0 0 
    27	    0 9 50 68 	4    2 0	200 6 0 0 3 5 0 0 
    28	   44 8 45 115 	4    2 0	200 0 0 0 3 0 0 0 
    29	   45 10 46 111 	4    2 0	200 0 0 0 3 0 0 0 
    30	   46 11 47 112 	4    2 0	200 0 0 0 3 0 0 0 
    31	   47 12 48 113 	4    2 0	200 0 0 0 3 0 0 0 
    32	   48 13 49 113 	4    2 0	200 0 0 0 3 0 0 0 
    33	   49 14 50 114 	4    2 0	200 0 0 0 3 0 0 0 
    34	   44 45 46 115 	4    2 0	200 0 0 0 3 0 0 0 
    35	   46 47 51 116 	4    2 0	200 0 0 0 3 0 0 0 
    36	  129 46 51 116 	4    2 0	0 0 0 0 0 0 0 0 
    37	   23 24 54 93 	4    2 0	3 8 0 0 5 5 0 0 
    38	   22 23 55 94 	4    2 0	3 8 0 0 5 5 0 0 
    39	   21 22 57 95 	4    2 0	3 8 0 0 5 5 0 0 
    40	  119 2 21 87 	4    2 0	0 0 8 0 0 0 5 0 
    41	   16 2 56 59 	4    2 0	3 4 0 0 5 5 0 0 
    42	  120 15 16 58 	4    2 0	0 0 4 0 0 0 5 0 
    43	    8 52 57 115 	4    2 0	3 0 0 0 5 0 0 0 
    44	   53 8 57 45 	4    2 0	3 0 0 0 5 0 0 0 
    45	    1 53 55 110 	4    2 0	3 0 0 0 5 0 0 0 
    46	   23 54 55 100 	4    2 0	3 0 0 0 5 0 0 0 
    47	   22 55 53 110 	4    2 0	3 0 0 0 5 0 0 0 
    48	   22 53 57 110 	4    2 0	3 0 0 0 5 0 0 0 
    49	   56 21 57 119 	4    2 0	3 0 0 0 5 0 0 0 
    50	   15 56 52 120 	4    2 0	3 0 0 0 5 0 0 0 
    51	  129 15 52 120 	4    2 0	0 0 0 0 0 0 0 0 
    52	   54 1 55 100 	4    2 0	3 0 0 0 5 0 0 0 
    53	   57 52 56 115 	4    2 0	3 0 0 0 5 0 0 0 
    54	   18 19 69 80 	4    2 0	6 7 0 0 5 5 0 0 
    55	   19 20 70 79 	4    2 0	6 7 0 0 5 5 0 0 
    56	   20 4 71 78 	4    2 0	6 7 0 0 5 5 0 0 
    57	    4 28 71 86 	4    2 0	6 8 0 0 5 5 0 0 
    58	   28 27 72 85 	4    2 0	6 8 0 0 5 5 0 0 
    59	   27 26 73 84 	4    2 0	6 8 0 0 5 5 0 0 
    60	   26 25 75 83 	4    2 0	6 8 0 0 5 5 0 0 
    61	  124 3 25 74 	4    2 0	0 0 6 0 0 0 5 0 
    62	    3 17 74 63 	4    2 0	6 4 0 0 5 5 0 0 
    63	   40 72 0 105 	4    2 0	0 0 0 0 0 0 0 0 
    64	   67 9 75 50 	4    2 0	6 0 0 0 5 0 0 0 
    65	    9 68 75 50 	4    2 0	6 0 0 0 5 0 0 0 
    66	   69 19 70 106 	4    2 0	6 0 0 0 5 0 0 0 
    67	   70 20 71 121 	4    2 0	6 0 0 0 5 0 0 0 
    68	   71 28 72 122 	4    2 0	6 0 0 0 5 0 0 0 
    69	   72 27 73 105 	4    2 0	6 0 0 0 5 0 0 0 
    70	   73 26 68 123 	4    2 0	6 0 0 0 5 0 0 0 
    71	   68 26 75 123 	4    2 0	6 0 0 0 5 0 0 0 
    72	   25 74 75 124 	4    2 0	6 0 0 0 5 0 0 0 
    73	    0 72 73 105 	4    2 0	6 0 0 0 5 0 0 0 
    74	   72 7 70 40 	4    2 0	6 0 0 0 5 0 0 0 
    75	   70 6 69 106 	4    2 0	6 0 0 0 5 0 0 0 
    76	   67 75 74 126 	4    2 0	6 0 0 0 5 0 0 0 
    77	   70 71 72 121 	4    2 0	6 0 0 0 5 0 0 0 
    78	  119 29 2 87 	4    2 0	0 0 8 0 0 0 5 0 
    79	   30 29 60 88 	4    2 0	4 8 0 0 5 5 0 0 
    80	   31 30 61 89 	4    2 0	4 8 0 0 5 5 0 0 
    81	   32 31 62 90 	4    2 0	4 8 0 0 5 5 0 0 
    82	  124 32 3 63 	4    2 0	0 0 4 0 0 0 5 0 
    83	  129 58 15 120 	4    2 0	0 0 0 0 0 0 0 0 
    84	  120 59 16 56 	4    2 0	0 0 0 0 0 0 0 0 
    85	   29 59 60 119 	4    2 0	4 0 0 0 5 0 0 0 
    86	   30 60 61 127 	4    2 0	4 0 0 0 5 0 0 0 
    87	   31 61 62 128 	4    2 0	4 0 0 0 5 0 0 0 
    88	   32 62 63 124 	4    2 0	4 0 0 0 5 0 0 0 
    89	  125 63 17 64 	4    2 0	0 0 4 0 0 0 5 0 
    90	  132 58 59 60 	4    2 0	0 0 4 0 0 0 5 0 
    91	   61 60 65 130 	4    2 0	4 0 0 0 5 0 0 0 
    92	   62 61 66 131 	4    2 0	4 0 0 0 5 0 0 0 
    93	   63 62 64 125 	4    2 0	4 0 0 0 5 0 0 0 
    94	   58 65 60 132 	4    2 0	4 0 0 0 5 0 0 0 
    95	  117 61 65 130 	4    2 0	0 0 0 0 0 0 0 0 
    96	   62 66 64 125 	4    2 0	4 0 0 0 5 0 0 0 
    97	   33 34 77 91 	4    2 0	7 8 0 0 5 5 0 0 
    98	   34 4 78 86 	4    2 0	7 8 0 0 5 5 0 0 
    99	   76 33 77 133 	4    2 0	7 0 0 0 5 0 0 0 
   100	   77 34 78 86 	4    2 0	7 0 0 0 5 0 0 0 
   101	   78 20 79 121 	4    2 0	7 0 0 0 5 0 0 0 
   102	   79 19 80 106 	4    2 0	7 0 0 0 5 0 0 0 
   103	   76 77 81 134 	4    2 0	7 0 0 0 5 0 0 0 
   104	   77 78 79 121 	4    2 0	7 0 0 0 5 0 0 0 
   105	   79 80 81 135 	4    2 0	7 0 0 0 5 0 0 0 
   106	   81 77 79 136 	4    2 0	7 0 0 0 5 0 0 0 
   107	   82 25 83 124 	4    2 0	8 0 0 0 5 0 0 0 
   108	   83 26 84 123 	4    2 0	8 0 0 0 5 0 0 0 
   109	   84 27 85 105 	4    2 0	8 0 0 0 5 0 0 0 
   110	   85 28 86 122 	4    2 0	8 0 0 0 5 0 0 0 
   111	   87 29 88 119 	4    2 0	8 0 0 0 5 0 0 0 
   112	   88 30 89 127 	4    2 0	8 0 0 0 5 0 0 0 
   113	   89 31 90 128 	4    2 0	8 0 0 0 5 0 0 0 
   114	   90 32 82 124 	4    2 0	8 0 0 0 5 0 0 0 
   115	   86 34 91 77 	4    2 0	8 0 0 0 5 0 0 0 
   116	   91 33 92 133 	4    2 0	8 0 0 0 5 0 0 0 
   117	   93 23 94 100 	4    2 0	8 0 0 0 5 0 0 0 
   118	   94 22 95 110 	4    2 0	8 0 0 0 5 0 0 0 
   119	   95 21 87 119 	4    2 0	8 0 0 0 5 0 0 0 
   120	   82 83 90 124 	4    2 0	8 0 0 0 5 0 0 0 
   121	   83 84 96 123 	4    2 0	8 0 0 0 5 0 0 0 
   122	   84 85 97 104 	4    2 0	8 0 0 0 5 0 0 0 
   123	   85 86 91 122 	4    2 0	8 0 0 0 5 0 0 0 
   124	   87 88 95 119 	4    2 0	8 0 0 0 5 0 0 0 
   125	   88 89 98 127 	4    2 0	8 0 0 0 5 0 0 0 
   126	   89 90 96 128 	4    2 0	8 0 0 0 5 0 0 0 
   127	   91 92 97 133 	4    2 0	8 0 0 0 5 0 0 0 
   128	  144 99 93 101 	4    2 0	0 0 0 0 0 0 0 0 
   129	   94 95 98 111 	4    2 0	8 0 0 0 5 0 0 0 
   130	  128 96 83 90 	4    2 0	0 0 8 0 0 0 5 0 
   131	   96 84 97 139 	4    2 0	8 0 0 0 5 0 0 0 
   132	   97 85 91 140 	4    2 0	8 0 0 0 5 0 0 0 
   133	   95 88 98 141 	4    2 0	8 0 0 0 5 0 0 0 
   134	   98 89 96 142 	4    2 0	8 0 0 0 5 0 0 0 
   135	   97 92 99 143 	4    2 0	8 0 0 0 5 0 0 0 
   136	   99 94 98 144 	4    2 0	8 0 0 0 5 0 0 0 
   137	   96 97 98 113 	4    2 0	8 0 0 0 5 0 0 0 
   138	   97 99 98 102 	4    2 0	8 0 0 0 5 0 0 0 
   139	  100 5 1 35 	4    2 0	0 0 100 0 0 0 3 0 
   140	   36 100 10 35 	4    2 0	0 0 0 100 0 0 0 3 
   141	    1 100 10 110 	4    2 0	0 0 0 0 0 0 0 0 
   142	   11 101 36 102 	4    2 0	0 0 0 0 0 0 0 0 
   143	  144 10 11 101 	4    2 0	0 0 0 0 0 0 0 0 
   144	   12 102 37 103 	4    2 0	0 0 0 0 0 0 0 0 
   145	   11 102 12 112 	4    2 0	0 0 0 0 0 0 0 0 
   146	   12 103 13 113 	4    2 0	0 0 0 0 0 0 0 0 
   147	   39 104 13 103 	4    2 0	0 0 0 0 0 0 0 0 
   148	  114 104 13 14 	4    2 0	0 0 0 0 0 0 0 0 
   149	   40 105 14 104 	4    2 0	0 0 0 0 0 0 0 0 
   150	  105 0 123 73 	4    2 0	0 0 0 0 0 0 0 0 
   151	    6 70 40 106 	4    2 0	0 0 0 0 0 0 0 0 
   152	   39 103 38 109 	4    2 0	0 0 0 0 0 0 0 0 
   153	   40 104 39 145 	4    2 0	0 0 0 0 0 0 0 0 
   154	    6 106 41 107 	4    2 0	0 0 0 0 0 0 0 0 
   155	   38 108 43 109 	4    2 0	0 0 0 0 0 0 0 0 
   156	  102 108 103 143 	4    2 0	0 0 0 0 0 0 0 0 
   157	   41 145 40 39 	4    2 0	0 0 0 100 0 0 0 3 
   158	   44 52 8 115 	4    2 0	0 0 0 0 0 0 0 0 
   159	   45 53 1 110 	4    2 0	0 0 0 0 0 0 0 0 
   160	   45 110 10 111 	4    2 0	0 0 0 0 0 0 0 0 
   161	   46 111 11 112 	4    2 0	0 0 0 0 0 0 0 0 
   162	  144 11 10 111 	4    2 0	0 0 0 0 0 0 0 0 
   163	   47 112 12 113 	4    2 0	0 0 0 0 0 0 0 0 
   164	   13 114 49 113 	4    2 0	0 0 0 0 0 0 0 0 
   165	  104 114 13 139 	4    2 0	0 0 0 0 0 0 0 0 
   166	    0 123 50 14 	4    2 0	0 0 0 200 0 0 0 3 
   167	   45 115 8 57 	4    2 0	0 0 0 0 0 0 0 0 
   168	   45 111 46 115 	4    2 0	0 0 0 0 0 0 0 0 
   169	   46 112 47 116 	4    2 0	0 0 0 0 0 0 0 0 
   170	   48 113 49 118 	4    2 0	0 0 0 0 0 0 0 0 
   171	   50 114 14 123 	4    2 0	0 0 0 0 0 0 0 0 
   172	   49 114 50 126 	4    2 0	0 0 0 0 0 0 0 0 
   173	   44 115 46 129 	4    2 0	0 0 0 0 0 0 0 0 
   174	   51 116 47 117 	4    2 0	0 0 0 0 0 0 0 0 
   175	  113 47 117 48 	4    2 0	0 0 0 0 0 0 0 0 
   176	   46 129 51 44 	4    2 0	0 0 0 200 0 0 0 3 
   177	   23 93 54 100 	4    2 0	0 0 0 0 0 0 0 0 
   178	   55 94 23 100 	4    2 0	0 0 0 0 0 0 0 0 
   179	   22 94 55 110 	4    2 0	0 0 0 0 0 0 0 0 
   180	   57 95 22 110 	4    2 0	0 0 0 0 0 0 0 0 
   181	   21 95 57 119 	4    2 0	0 0 0 0 0 0 0 0 
   182	    2 119 21 56 	4    2 0	0 0 0 3 0 0 0 5 
   183	  119 56 2 59 	4    2 0	0 0 0 0 0 0 0 0 
   184	  120 16 15 56 	4    2 0	0 0 3 0 0 0 5 0 
   185	   53 45 57 110 	4    2 0	0 0 0 0 0 0 0 0 
   186	    1 110 55 100 	4    2 0	0 0 0 0 0 0 0 0 
   187	   56 119 57 115 	4    2 0	0 0 0 0 0 0 0 0 
   188	   52 120 56 115 	4    2 0	0 0 0 0 0 0 0 0 
   189	   69 80 19 106 	4    2 0	0 0 0 0 0 0 0 0 
   190	   18 80 69 107 	4    2 0	0 0 0 0 0 0 0 0 
   191	   70 79 20 121 	4    2 0	0 0 0 0 0 0 0 0 
   192	   19 79 70 106 	4    2 0	0 0 0 0 0 0 0 0 
   193	   71 78 4 86 	4    2 0	0 0 0 0 0 0 0 0 
   194	   20 78 71 121 	4    2 0	0 0 0 0 0 0 0 0 
   195	   71 86 28 122 	4    2 0	0 0 0 0 0 0 0 0 
   196	   72 85 27 105 	4    2 0	0 0 0 0 0 0 0 0 
   197	   28 85 72 122 	4    2 0	0 0 0 0 0 0 0 0 
   198	   73 84 26 123 	4    2 0	0 0 0 0 0 0 0 0 
   199	   27 84 73 105 	4    2 0	0 0 0 0 0 0 0 0 
   200	   75 83 25 124 	4    2 0	0 0 0 0 0 0 0 0 
   201	   26 83 75 123 	4    2 0	0 0 0 0 0 0 0 0 
   202	    3 124 25 82 	4    2 0	0 0 0 8 0 0 0 5 
   203	   67 50 75 126 	4    2 0	0 0 0 0 0 0 0 0 
   204	  123 50 126 75 	4    2 0	0 0 0 0 0 0 0 0 
   205	    0 68 123 73 	4    2 0	0 6 0 0 0 5 0 0 
   206	   71 122 72 121 	4    2 0	0 0 0 0 0 0 0 0 
   207	   75 124 74 126 	4    2 0	0 0 0 0 0 0 0 0 
   208	   72 40 70 145 	4    2 0	0 0 0 0 0 0 0 0 
   209	   69 106 6 107 	4    2 0	0 0 0 0 0 0 0 0 
   210	   70 121 72 145 	4    2 0	0 0 0 0 0 0 0 0 
   211	   29 119 2 59 	4    2 0	0 0 0 4 0 0 0 5 
   212	   60 88 29 119 	4    2 0	0 0 0 0 0 0 0 0 
   213	   30 88 60 127 	4    2 0	0 0 0 0 0 0 0 0 
   214	   61 89 30 127 	4    2 0	0 0 0 0 0 0 0 0 
   215	   31 89 61 128 	4    2 0	0 0 0 0 0 0 0 0 
   216	   62 90 31 128 	4    2 0	0 0 0 0 0 0 0 0 
   217	   32 90 62 124 	4    2 0	0 0 0 0 0 0 0 0 
   218	   32 124 3 82 	4    2 0	0 0 0 8 0 0 0 5 
   219	   59 120 16 58 	4    2 0	0 0 0 4 0 0 0 5 
   220	   60 119 59 132 	4    2 0	0 0 0 0 0 0 0 0 
   221	   61 127 60 130 	4    2 0	0 0 0 0 0 0 0 0 
   222	   62 128 61 131 	4    2 0	0 0 0 0 0 0 0 0 
   223	   63 124 62 126 	4    2 0	0 0 0 0 0 0 0 0 
   224	   63 125 17 74 	4    2 0	0 0 0 0 0 0 0 0 
   225	   58 129 65 132 	4    2 0	0 0 0 0 0 0 0 0 
   226	   58 132 59 120 	4    2 0	0 0 0 0 0 0 0 0 
   227	   65 130 60 132 	4    2 0	0 0 0 0 0 0 0 0 
   228	   61 117 66 131 	4    2 0	0 0 0 0 0 0 0 0 
   229	  126 62 66 131 	4    2 0	0 0 0 0 0 0 0 0 
   230	   62 125 63 126 	4    2 0	0 0 0 0 0 0 0 0 
   231	   33 91 77 133 	4    2 0	0 0 0 0 0 0 0 0 
   232	   76 133 77 134 	4    2 0	0 0 0 0 0 0 0 0 
   233	  122 77 78 86 	4    2 0	0 0 0 0 0 0 0 0 
   234	   79 106 80 135 	4    2 0	0 0 0 0 0 0 0 0 
   235	   81 134 77 136 	4    2 0	0 0 0 0 0 0 0 0 
   236	   77 121 79 136 	4    2 0	0 0 0 0 0 0 0 0 
   237	   81 135 80 137 	4    2 0	0 0 0 0 0 0 0 0 
   238	   79 135 81 136 	4    2 0	0 0 0 0 0 0 0 0 
   239	   84 105 85 104 	4    2 0	0 0 0 0 0 0 0 0 
   240	   86 77 91 122 	4    2 0	0 0 0 0 0 0 0 0 
   241	  144 100 93 94 	4    2 0	0 0 0 0 0 0 0 0 
   242	   94 110 95 111 	4    2 0	0 0 0 0 0 0 0 0 
   243	  128 124 83 138 	4    2 0	0 0 0 0 0 0 0 0 
   244	   96 123 84 139 	4    2 0	0 0 0 0 0 0 0 0 
   245	  138 123 96 114 	4    2 0	0 0 0 0 0 0 0 0 
   246	   97 104 85 140 	4    2 0	0 0 0 0 0 0 0 0 
   247	   84 104 97 139 	4    2 0	0 0 0 0 0 0 0 0 
   248	   85 122 91 140 	4    2 0	0 0 0 0 0 0 0 0 
   249	   95 119 88 141 	4    2 0	0 0 0 0 0 0 0 0 
   250	   98 127 89 142 	4    2 0	0 0 0 0 0 0 0 0 
   251	   88 127 98 141 	4    2 0	0 0 0 0 0 0 0 0 
   252	  128 83 96 138 	4    2 0	0 0 0 0 0 0 0 0 
   253	   89 128 96 142 	4    2 0	0 0 0 0 0 0 0 0 
   254	   97 133 92 143 	4    2 0	0 0 0 0 0 0 0 0 
   255	   91 133 97 140 	4    2 0	0 0 0 0 0 0 0 0 
   256	  144 93 99 94 	4    2 0	0 0 8 0 0 0 5 0 
   257	   98 111 95 141 	4    2 0	0 0 0 0 0 0 0 0 
   258	   94 111 98 144 	4    2 0	0 0 0 0 0 0 0 0 
   259	  123 138 96 83 	4    2 0	0 0 0 0 0 0 0 0 
   260	   96 139 97 113 	4    2 0	0 0 0 0 0 0 0 0 
   261	   98 142 96 113 	4    2 0	0 0 0 0 0 0 0 0 
   262	   97 143 99 102 	4    2 0	0 0 0 0 0 0 0 0 
   263	   99 144 98 102 	4    2 0	0 0 0 0 0 0 0 0 
   264	  113 98 102 97 	4    2 0	0 0 0 0 0 0 0 0 
   265	  144 100 10 101 	4    2 0	0 0 0 0 0 0 0 0 
   266	   10 110 100 111 	4    2 0	0 0 0 0 0 0 0 0 
   267	  101 102 11 144 	4    2 0	0 0 0 0 0 0 0 0 
   268	  102 103 108 37 	4    2 0	0 0 0 0 0 0 0 0 
   269	  102 103 12 113 	4    2 0	0 0 0 0 0 0 0 0 
   270	   12 112 102 113 	4    2 0	0 0 0 0 0 0 0 0 
   271	  102 112 11 144 	4    2 0	0 0 0 0 0 0 0 0 
   272	   13 113 103 139 	4    2 0	0 0 0 0 0 0 0 0 
   273	   13 103 104 139 	4    2 0	0 0 0 0 0 0 0 0 
   274	  104 103 39 146 	4    2 0	0 0 0 0 0 0 0 0 
   275	   14 104 105 123 	4    2 0	0 0 0 0 0 0 0 0 
   276	  105 104 40 145 	4    2 0	0 0 0 0 0 0 0 0 
   277	    0 105 123 14 	4    2 0	0 0 0 0 0 0 0 0 
   278	   40 72 105 145 	4    2 0	0 0 0 0 0 0 0 0 
   279	   40 106 70 145 	4    2 0	0 0 0 0 0 0 0 0 
   280	   37 103 108 38 	4    2 0	0 0 0 0 0 0 0 0 
   281	   38 109 103 108 	4    2 0	0 0 0 0 0 0 0 0 
   282	  103 109 39 146 	4    2 0	0 0 0 0 0 0 0 0 
   283	   39 145 104 146 	4    2 0	0 0 0 0 0 0 0 0 
   284	  109 41 145 135 	4    2 0	0 0 0 0 0 0 0 0 
   285	  106 145 41 135 	4    2 0	0 0 0 0 0 0 0 0 
   286	   41 109 137 135 	4    2 0	0 0 0 0 0 0 0 0 
   287	   41 109 145 39 	4    2 0	0 0 0 0 0 0 0 0 
   288	  129 115 52 44 	4    2 0	0 0 0 0 0 0 0 0 
   289	   57 45 115 111 	4    2 0	0 0 0 0 0 0 0 0 
   290	   11 112 111 144 	4    2 0	0 0 0 0 0 0 0 0 
   291	  111 112 46 141 	4    2 0	0 0 0 0 0 0 0 0 
   292	  117 112 113 142 	4    2 0	0 0 0 0 0 0 0 0 
   293	   49 113 114 118 	4    2 0	0 0 0 0 0 0 0 0 
   294	  114 113 13 139 	4    2 0	0 0 0 0 0 0 0 0 
   295	   75 123 50 68 	4    2 0	0 0 0 0 0 0 0 0 
   296	   45 57 110 111 	4    2 0	0 0 0 0 0 0 0 0 
   297	   46 115 111 141 	4    2 0	0 0 0 0 0 0 0 0 
   298	   47 116 112 117 	4    2 0	0 0 0 0 0 0 0 0 
   299	  112 116 46 141 	4    2 0	0 0 0 0 0 0 0 0 
   300	  112 117 113 47 	4    2 0	0 0 0 0 0 0 0 0 
   301	  113 118 48 117 	4    2 0	0 0 0 0 0 0 0 0 
   302	   14 123 114 104 	4    2 0	0 0 0 0 0 0 0 0 
   303	  123 126 50 114 	4    2 0	0 0 0 0 0 0 0 0 
   304	   46 129 115 116 	4    2 0	0 0 0 0 0 0 0 0 
   305	  115 129 52 120 	4    2 0	0 0 0 0 0 0 0 0 
   306	   65 51 117 116 	4    2 0	0 0 0 0 0 0 0 0 
   307	   94 100 55 110 	4    2 0	0 0 0 0 0 0 0 0 
   308	  141 57 95 119 	4    2 0	0 0 0 0 0 0 0 0 
   309	  141 115 111 57 	4    2 0	0 0 0 0 0 0 0 0 
   310	  119 115 56 120 	4    2 0	0 0 0 0 0 0 0 0 
   311	   80 106 69 107 	4    2 0	0 0 0 0 0 0 0 0 
   312	   79 121 70 106 	4    2 0	0 0 0 0 0 0 0 0 
   313	  122 78 71 86 	4    2 0	0 0 0 0 0 0 0 0 
   314	  122 71 78 121 	4    2 0	0 0 0 0 0 0 0 0 
   315	   85 105 72 122 	4    2 0	0 0 0 0 0 0 0 0 
   316	   84 123 73 105 	4    2 0	0 0 0 0 0 0 0 0 
   317	   83 124 75 123 	4    2 0	0 0 0 0 0 0 0 0 
   318	  124 3 74 63 	4    2 0	0 0 0 0 0 0 0 0 
   319	   72 121 122 145 	4    2 0	0 0 0 0 0 0 0 0 
   320	  138 123 126 124 	4    2 0	0 0 0 0 0 0 0 0 
   321	   74 126 124 63 	4    2 0	0 0 0 0 0 0 0 0 
   322	  123 124 75 126 	4    2 0	0 0 0 0 0 0 0 0 
   323	  125 126 74 63 	4    2 0	0 0 0 0 0 0 0 0 
   324	  121 145 70 106 	4    2 0	0 0 0 0 0 0 0 0 
   325	  141 60 88 127 	4    2 0	0 0 0 0 0 0 0 0 
   326	  142 89 61 127 	4    2 0	0 0 0 0 0 0 0 0 
   327	   90 128 62 124 	4    2 0	0 0 0 0 0 0 0 0 
   328	  120 129 58 132 	4    2 0	0 0 0 0 0 0 0 0 
   329	   56 120 59 119 	4    2 0	0 0 0 0 0 0 0 0 
   330	   59 132 119 120 	4    2 0	0 0 0 0 0 0 0 0 
   331	  141 119 60 132 	4    2 0	0 0 0 0 0 0 0 0 
   332	  141 130 60 127 	4    2 0	0 0 0 0 0 0 0 0 
   333	  142 61 130 127 	4    2 0	0 0 0 0 0 0 0 0 
   334	  142 131 61 128 	4    2 0	0 0 0 0 0 0 0 0 
   335	  128 131 62 124 	4    2 0	0 0 0 0 0 0 0 0 
   336	   62 126 124 131 	4    2 0	0 0 0 0 0 0 0 0 
   337	   51 129 116 65 	4    2 0	0 0 0 0 0 0 0 0 
   338	   65 132 129 116 	4    2 0	0 0 0 0 0 0 0 0 
   339	  130 132 65 116 	4    2 0	0 0 0 0 0 0 0 0 
   340	   62 126 66 125 	4    2 0	0 0 0 0 0 0 0 0 
   341	   61 117 65 66 	4    2 0	0 0 0 4 0 0 0 5 
   342	  122 133 77 91 	4    2 0	0 0 0 0 0 0 0 0 
   343	   77 134 133 136 	4    2 0	0 0 0 0 0 0 0 0 
   344	   77 122 78 121 	4    2 0	0 0 0 0 0 0 0 0 
   345	   41 80 106 135 	4    2 0	0 0 0 0 0 0 0 0 
   346	  106 135 79 121 	4    2 0	0 0 0 0 0 0 0 0 
   347	   41 80 107 106 	4    2 0	0 0 0 0 0 0 0 0 
   348	  134 136 81 109 	4    2 0	0 0 0 0 0 0 0 0 
   349	   79 136 121 135 	4    2 0	0 0 0 0 0 0 0 0 
   350	  121 136 77 122 	4    2 0	0 0 0 0 0 0 0 0 
   351	  135 137 81 109 	4    2 0	0 0 0 0 0 0 0 0 
   352	   81 136 135 109 	4    2 0	0 0 0 0 0 0 0 0 
   353	   85 104 105 122 	4    2 0	0 0 0 0 0 0 0 0 
   354	  105 104 84 123 	4    2 0	0 0 0 0 0 0 0 0 
   355	  133 122 77 136 	4    2 0	0 0 0 0 0 0 0 0 
   356	  100 144 93 101 	4    2 0	0 0 0 0 0 0 0 0 
   357	   57 111 95 110 	4    2 0	0 0 0 0 0 0 0 0 
   358	   83 138 124 123 	4    2 0	0 0 0 0 0 0 0 0 
   359	  124 128 83 90 	4    2 0	0 0 0 0 0 0 0 0 
   360	   84 139 123 104 	4    2 0	0 0 0 0 0 0 0 0 
   361	  123 139 96 114 	4    2 0	0 0 0 0 0 0 0 0 
   362	   85 140 104 122 	4    2 0	0 0 0 0 0 0 0 0 
   363	  104 140 97 103 	4    2 0	0 0 0 0 0 0 0 0 
   364	   97 139 104 103 	4    2 0	0 0 0 0 0 0 0 0 
   365	   91 140 122 133 	4    2 0	0 0 0 0 0 0 0 0 
   366	   60 141 88 119 	4    2 0	0 0 0 0 0 0 0 0 
   367	  141 95 57 111 	4    2 0	0 0 0 0 0 0 0 0 
   368	   89 142 61 128 	4    2 0	0 0 0 0 0 0 0 0 
   369	  112 127 98 142 	4    2 0	0 0 0 0 0 0 0 0 
   370	  147 128 96 138 	4    2 0	0 0 0 0 0 0 0 0 
   371	  133 143 97 140 	4    2 0	0 0 0 0 0 0 0 0 
   372	  101 144 99 102 	4    2 0	0 0 0 0 0 0 0 0 
   373	  111 141 98 112 	4    2 0	0 0 0 0 0 0 0 0 
   374	   98 144 111 112 	4    2 0	0 0 0 0 0 0 0 0 
   375	  138 114 96 113 	4    2 0	0 0 0 0 0 0 0 0 
   376	   97 113 139 103 	4    2 0	0 0 0 0 0 0 0 0 
   377	  139 113 96 114 	4    2 0	0 0 0 0 0 0 0 0 
   378	  147 113 96 142 	4    2 0	0 0 0 0 0 0 0 0 
   379	  142 113 98 112 	4    2 0	0 0 0 0 0 0 0 0 
   380	  143 102 97 103 	4    2 0	0 0 0 0 0 0 0 0 
   381	   98 102 144 112 	4    2 0	0 0 0 0 0 0 0 0 
   382	   98 113 102 112 	4    2 0	0 0 0 0 0 0 0 0 
   383	  100 144 10 111 	4    2 0	0 0 0 0 0 0 0 0 
   384	   94 111 100 110 	4    2 0	0 0 0 0 0 0 0 0 
   385	  103 113 102 97 	4    2 0	0 0 0 0 0 0 0 0 
   386	  103 146 104 140 	4    2 0	0 0 0 0 0 0 0 0 
   387	  104 114 139 123 	4    2 0	0 0 0 0 0 0 0 0 
   388	  104 145 105 122 	4    2 0	0 0 0 0 0 0 0 0 
   389	  105 145 72 122 	4    2 0	0 0 0 0 0 0 0 0 
   390	  109 103 143 146 	4    2 0	0 0 0 0 0 0 0 0 
   391	  103 109 143 108 	4    2 0	0 0 0 0 0 0 0 0 
   392	   39 146 109 145 	4    2 0	0 0 0 0 0 0 0 0 
   393	  122 146 104 145 	4    2 0	0 0 0 0 0 0 0 0 
   394	  145 135 106 121 	4    2 0	0 0 0 0 0 0 0 0 
   395	  137 41 135 80 	4    2 0	0 0 0 0 0 0 0 0 
   396	  135 145 109 136 	4    2 0	0 0 0 0 0 0 0 0 
   397	  114 118 113 138 	4    2 0	0 0 0 0 0 0 0 0 
   398	  126 114 118 49 	4    2 0	0 0 0 0 0 0 0 0 
   399	  115 141 119 57 	4    2 0	0 0 0 0 0 0 0 0 
   400	  115 141 46 116 	4    2 0	0 0 0 0 0 0 0 0 
   401	  112 117 116 130 	4    2 0	0 0 0 0 0 0 0 0 
   402	  116 141 112 130 	4    2 0	0 0 0 0 0 0 0 0 
   403	  142 113 118 147 	4    2 0	0 0 0 0 0 0 0 0 
   404	  142 118 113 117 	4    2 0	0 0 0 0 0 0 0 0 
   405	  114 126 118 138 	4    2 0	0 0 0 0 0 0 0 0 
   406	  123 138 126 114 	4    2 0	0 0 0 0 0 0 0 0 
   407	  115 116 129 132 	4    2 0	0 0 0 0 0 0 0 0 
   408	  129 120 115 132 	4    2 0	0 0 0 0 0 0 0 0 
   409	   66 117 118 131 	4    2 0	0 0 0 0 0 0 0 0 
   410	  117 112 142 130 	4    2 0	0 0 0 0 0 0 0 0 
   411	  111 94 100 144 	4    2 0	0 0 0 0 0 0 0 0 
   412	  115 120 119 132 	4    2 0	0 0 0 0 0 0 0 0 
   413	  122 145 121 136 	4    2 0	0 0 0 0 0 0 0 0 
   414	  130 141 60 132 	4    2 0	0 0 0 0 0 0 0 0 
   415	  131 124 128 138 	4    2 0	0 0 0 0 0 0 0 0 
   416	  124 131 126 138 	4    2 0	0 0 0 0 0 0 0 0 
   417	  130 116 65 117 	4    2 0	0 0 0 0 0 0 0 0 
   418	  132 116 130 141 	4    2 0	0 0 0 0 0 0 0 0 
   419	   61 142 130 117 	4    2 0	0 0 0 0 0 0 0 0 
   420	  126 66 118 131 	4    2 0	0 0 0 0 0 0 0 0 
   421	  133 136 134 146 	4    2 0	0 0 0 0 0 0 0 0 
   422	  136 109 134 146 	4    2 0	0 0 0 0 0 0 0 0 
   423	  121 135 136 145 	4    2 0	0 0 0 0 0 0 0 0 
   424	  146 122 104 140 	4    2 0	0 0 0 0 0 0 0 0 
   425	   97 103 140 143 	4    2 0	0 0 0 0 0 0 0 0 
   426	  146 133 122 140 	4    2 0	0 0 0 0 0 0 0 0 
   427	  127 112 98 141 	4    2 0	0 0 0 0 0 0 0 0 
   428	  147 96 128 142 	4    2 0	0 0 0 0 0 0 0 0 
   429	  143 140 133 146 	4    2 0	0 0 0 0 0 0 0 0 
   430	  113 147 96 138 	4    2 0	0 0 0 0 0 0 0 0 
   431	  146 140 103 143 	4    2 0	0 0 0 0 0 0 0 0 
   432	  109 134 143 108 	4    2 0	0 0 0 0 0 0 0 0 
   433	  109 143 134 146 	4    2 0	0 0 0 0 0 0 0 0 
   434	  109 145 146 136 	4    2 0	0 0 0 0 0 0 0 0 
   435	  113 138 118 147 	4    2 0	0 0 0 0 0 0 0 0 
   436	  115 119 141 132 	4    2 0	0 0 0 0 0 0 0 0 
   437	  141 116 115 132 	4    2 0	0 0 0 0 0 0 0 0 
   438	  112 130 141 127 	4    2 0	0 0 0 0 0 0 0 0 
   439	  131 142 117 118 	4    2 0	0 0 0 0 0 0 0 0 
   440	  142 131 147 118 	4    2 0	0 0 0 0 0 0 0 0 
   441	  142 130 112 127 	4    2 0	0 0 0 0 0 0 0 0 
   442	  138 118 131 126 	4    2 0	0 0 0 0 0 0 0 0 
   443	  145 136 122 146 	4    2 0	0 0 0 0 0 0 0 0 
   444	  142 61 131 117 	4    2 0	0 0 0 0 0 0 0 0 
   445	  131 138 128 147 	4    2 0	0 0 0 0 0 0 0 0 
   446	  118 138 131 147 	4    2 0	0 0 0 0 0 0 0 0 
   447	  133 146 134 143 	4    2 0	0 0 0 0 0 0 0 0 
   448	  133 146 122 136 	4    2 0	0 0 0 0 0 0 0 0 
   449	  142 131 128 147 	4    2 0	0 0 0 0 0 0 0 0 

     0 0 0 0 0
     1 0 0 0 0
     2 0 0 0 0
     3 0 0 0 0
     4 0 0 0 0
     5 0 0 0 0
     6 0 0 0 0
     7 0 0 0 0
     8 0 0 0 0
     9 0 0 0 0
    10 0 0 0 0
    11 0 0 0 0
    12 0 0 0 0
    13 0 0 0 0
    14 0 0 0 0
    15 0 0 0 0
    16 0 0 0 0
    17 0 0 0 0
    18 0 0 0 0
    19 0 0 0 0
    20 0 0 0 0
    21 0 0 0 0
    22 0 0 0 0
    23 0 0 0 0
    24 0 0 0 0
    25 0 0 0 0
    26 0 0 0 0
    27 0 0 0 0
    28 0 0 0 0
    29 0 0 0 0
    30 0 0 0 0
    31 0 0 0 0
    32 0 0 0 0
    33 0 0 0 0
    34 0 0 0 0
    35 0 0 0 0
    36 0 0 0 0
    37 0 0 0 0
    38 0 0 0 0
    39 0 0 0 0
    40 0 0 0 0
    41 0 0 0 0
    42 0 0 0 0
    43 0 0 0 0
    44 0 0 0 0
    45 0 0 0 0
    46 0 0 0 0
    47 0 0 0 0
    48 0 0 0 0
    49 0 0 0 0
    50 0 0 0 0
    51 0 0 0 0
    52 0 0 0 0
    53 0 0 0 0
    54 0 0 0 0
    55 0 0 0 0
    56 0 0 0 0
    57 0 0 0 0
    58 0 0 0 0
    59 0 0 0 0
    60 0 0 0 0
    61 0 0 0 0
    62 0 0 0 0
    63 0 0 0 0
    64 0 0 0 0
    65 0 0 0 0
    66 0 0 0 0
    67 0 0 0 0
    68 0 0 0 0
    69 0 0 0 0
    70 0 0 0 0
    71 0 0 0 0
    72 0 0 0 0
    73 0 0 0 0
    74 0 0 0 0
    75 0 0 0 0
    76 0 0 0 0
    77 0 0 0 0
    78 0 0 0 0
    79 0 0 0 0
    80 0 0 0 0
    81 0 0 0 0
    82 0 0 0 0
    83 0 0 0 0
    84 0 0 0 0
    85 0 0 0 0
    86 0 0 0 0
    87 0 0 0 0
    88 0 0 0 0
    89 0 0 0 0
    90 0 0 0 0
    91 0 0 0 0
    92 0 0 0 0
    93 0 0 0 0
    94 0 0 0 0
    95 0 0 0 0
    96 0 0 0 0
    97 0 0 0 0
    98 0 0 0 0
    99 0 0 0 0
   100 0 0 0 0
   101 0 0 0 0
   102 0 0 0 0
   103 0 0 0 0
   104 0 0 0 0
   105 0 0 0 0
   106 0 0 0 0
   107 0 0 0 0
   108 0 0 0 0
   109 0 0 0 0
   110 0 0 0 0
   111 0 0 0 0
   112 0 0 0 0
   113 0 0 0 0
   114 0 0 0 0
   115 0 0 0 0
   116 0 0 0 0
   117 0 0 0 0
   118 0 0 0 0
   119 0 0 0 0
   120 0 0 0 0
   121 0 0 0 0
   122 0 0 0 0
   123 0 0 0 0
   124 0 0 0 0
   125 0 0 0 0
   126 0 0 0 0
   127 0 0 0 0
   128 0 0 0 0
   129 0 0 0 0
   130 0 0 0 0
   131 0 0 0 0
   132 0 0 0 0
   133 0 0 0 0
   134 0 0 0 0
   135 0 0 0 0
   136 0 0 0 0
   137 0 0 0 0
   138 0 0 0 0
   139 0 0 0 0
   140 0 0 0 0
   141 0 0 0 0
   142 0 0 0 0
   143 0 0 0 0
   144 0 0 0 0
   145 0 0 0 0
   146 0 0 0 0
   147 0 0 0 0
   148 0 0 0 0
   149 0 0 0 0
   150 0 0 0 0
   151 0 0 0 0
   152 0 0 0 0
   153 0 0 0 0
   154 0 0 0 0
   155 0 0 0 0
   156 0 0 0 0
   157 0 0 0 0
   158 0 0 0 0
   159 0 0 0 0
   160 0 0 0 0
   161 0 0 0 0
   162 0 0 0 0
   163 0 0 0 0
   164 0 0 0 0
   165 0 0 0 0
   166 0 0 0 0
   167 0 0 0 0
   168 0 0 0 0
   169 0 0 0 0
   170 0 0 0 0
   171 0 0 0 0
   172 0 0 0 0
   173 0 0 0 0
   174 0 0 0 0
   175 0 0 0 0
   176 0 0 0 0
   177 0 0 0 0
   178 0 0 0 0
   179 0 0 0 0
   180 0 0 0 0
   181 0 0 0 0
   182 0 0 0 0
   183 0 0 0 0
   184 0 0 0 0
   185 0 0 0 0
   186 0 0 0 0
   187 0 0 0 0
   188 0 0 0 0
   189 0 0 0 0
   190 0 0 0 0
   191 0 0 0 0
   192 0 0 0 0
   193 0 0 0 0
   194 0 0 0 0
   195 0 0 0 0
   196 0 0 0 0
   197 0 0 0 0
   198 0 0 0 0
   199 0 0 0 0
   200 0 0 0 0
   201 0 0 0 0
   202 0 0 0 0
   203 0 0 0 0
   204 0 0 0 0
   205 0 0 0 0
   206 0 0 0 0
   207 0 0 0 0
   208 0 0 0 0
   209 0 0 0 0
   210 0 0 0 0
   211 0 0 0 0
   212 0 0 0 0
   213 0 0 0 0
   214 0 0 0 0
   215 0 0 0 0
   216 0 0 0 0
   217 0 0 0 0
   218 0 0 0 0
   219 0 0 0 0
   220 0 0 0 0
   221 0 0 0 0
   222 0 0 0 0
   223 0 0 0 0
   224 0 0 0 0
   225 0 0 0 0
   226 0 0 0 0
   227 0 0 0 0
   228 0 0 0 0
   229 0 0 0 0
   230 0 0 0 0
   231 0 0 0 0
   232 0 0 0 0
   233 0 0 0 0
   234 0 0 0 0
   235 0 0 0 0
   236 0 0 0 0
   237 0 0 0 0
   238 0 0 0 0
   239 0 0 0 0
   240 0 0 0 0
   241 0 0 0 0
   242 0 0 0 0
   243 0 0 0 0
   244 0 0 0 0
   245 0 0 0 0
   246 0 0 0 0
   247 0 0 0 0
   248 0 0 0 0
   249 0 0 0 0
   250 0 0 0 0
   251 0 0 0 0
   252 0 0 0 0
   253 0 0 0 0
   254 0 0 0 0
   255 0 0 0 0
   256 0 0 0 0
   257 0 0 0 0
   258 0 0 0 0
   259 0 0 0 0
   260 0 0 0 0
   261 0 0 0 0
   262 0 0 0 0
   263 0 0 0 0
   264 0 0 0 0
   265 0 0 0 0
   266 0 0 0 0
   267 0 0 0 0
   268 0 0 0 0
   269 0 0 0 0
   270 0 0 0 0
   271 0 0 0 0
   272 0 0 0 0
   273 0 0 0 0
   274 0 0 0 0
   275 0 0 0 0
   276 0 0 0 0
   277 0 0 0 0
   278 0 0 0 0
   279 0 0 0 0
   280 0 0 0 0
   281 0 0 0 0
   282 0 0 0 0
   283 0 0 0 0
   284 0 0 0 0
   285 0 0 0 0
   286 0 0 0 0
   287 0 0 0 0
   288 0 0 0 0
   289 0 0 0 0
   290 0 0 0 0
   291 0 0 0 0
   292 0 0 0 0
   293 0 0 0 0
   294 0 0 0 0
   295 0 0 0 0
   296 0 0 0 0
   297 0 0 0 0
   298 0 0 0 0
   299 0 0 0 0
   300 0 0 0 0
   301 0 0 0 0
   302 0 0 0 0
   303 0 0 0 0
   304 0 0 0 0
   305 0 0 0 0
   306 0 0 0 0
   307 0 0 0 0
   308 0 0 0 0
   309 0 0 0 0
   310 0 0 0 0
   311 0 0 0 0
   312 0 0 0 0
   313 0 0 0 0
   314 0 0 0 0
   315 0 0 0 0
   316 0 0 0 0
   317 0 0 0 0
   318 0 0 0 0
   319 0 0 0 0
   320 0 0 0 0
   321 0 0 0 0
   322 0 0 0 0
   323 0 0 0 0
   324 0 0 0 0
   325 0 0 0 0
   326 0 0 0 0
   327 0 0 0 0
   328 0 0 0 0
   329 0 0 0 0
   330 0 0 0 0
   331 0 0 0 0
   332 0 0 0 0
   333 0 0 0 0
   334 0 0 0 0
   335 0 0 0 0
   336 0 0 0 0
   337 0 0 0 0
   338 0 0 0 0
   339 0 0 0 0
   340 0 0 0 0
   341 0 0 0 0
   342 0 0 0 0
   343 0 0 0 0
   344 0 0 0 0
   345 0 0 0 0
   346 0 0 0 0
   347 0 0 0 0
   348 0 0 0 0
   349 0 0 0 0
   350 0 0 0 0
   351 0 0 0 0
   352 0 0 0 0
   353 0 0 0 0
   354 0 0 0 0
   355 0 0 0 0
   356 0 0 0 0
   357 0 0 0 0
   358 0 0 0 0
   359 0 0 0 0
   360 0 0 0 0
   361 0 0 0 0
   362 0 0 0 0
   363 0 0 0 0
   364 0 0 0 0
   365 0 0 0 0
   366 0 0 0 0
   367 0 0 0 0
   368 0 0 0 0
   369 0 0 0 0
   370 0 0 0 0
   371 0 0 0 0
   372 0 0 0 0
   373 0 0 0 0
   374 0 0 0 0
   375 0 0 0 0
   376 0 0 0 0
   377 0 0 0 0
   378 0 0 0 0
   379 0 0 0 0
   380 0 0 0 0
   381 0 0 0 0
   382 0 0 0 0
   383 0 0 0 0
   384 0 0 0 0
   385 0 0 0 0
   386 0 0 0 0
   387 0 0 0 0
   388 0 0 0 0
   389 0 0 0 0
   390 0 0 0 0
   391 0 0 0 0
   392 0 0 0 0
   393 0 0 0 0
   394 0 0 0 0
   395 0 0 0 0
   396 0 0 0 0
   397 0 0 0 0
   398 0 0 0 0
   399 0 0 0 0
   400 0 0 0 0
   401 0 0 0 0
   402 0 0 0 0
   403 0 0 0 0
   404 0 0 0 0
   405 0 0 0 0
   406 0 0 0 0
   407 0 0 0 0
   408 0 0 0 0
   409 0 0 0 0
   410 0 0 0 0
   411 0 0 0 0
   412 0 0 0 0
   413 0 0 0 0
   414 0 0 0 0
   415 0 0 0 0
   416 0 0 0 0
   417 0 0 0 0
   418 0 0 0 0
   419 0 0 0 0
   420 0 0 0 0
   421 0 0 0 0
   422 0 0 0 0
   423 0 0 0 0
   424 0 0 0 0
   425 0 0 0 0
   426 0 0 0 0
   427 0 0 0 0
   428 0 0 0 0
   429 0 0 0 0
   430 0 0 0 0
   431 0 0 0 0
   432 0 0 0 0
   433 0 0 0 0
   434 0 0 0 0
   435 0 0 0 0
   436 0 0 0 0
   437 0 0 0 0
   438 0 0 0 0
   439 0 0 0 0
   440 0 0 0 0
   441 0 0 0 0
   442 0 0 0 0
   443 0 0 0 0
   444 0 0 0 0
   445 0 0 0 0
   446 0 0 0 0
   447 0 0 0 0
   448 0 0 0 0
   449 0 0 0 0


  1.00000000e+03   1.92500000e+02   0.00000000e+00   3.85000000e+02   0.00000000e+00   0.00000000e+00   3.00000000e-01   0.00000000e+00   0.00000000e+00   1.00000000e+00   1.00000000e+00   1.00000000e+00   1.00000000e+07 	1 2 

1 
1 0 0 	0 1 0 	0 0 1 

0 0.5 0.5

0

0

0
