246 3 885

10000 1e-05 1e-15

1 1 1

4 4 4 4 4 4 4 4 4 4 4 4 4 4 4 4 4 4 4 4 4 4 4 4 4 4 4 4 4 4 4 4 4 4 4 4 4 4 4 4 4 4 4 4 4 4 4 4 4 4 4 4 4 4 4 4 4 4 4 4 4 4 4 4 4 4 4 4 4 4 4 4 4 4 4 4 4 4 4 4 4 4 4 4 4 4 4 4 4 4 4 4 4 4 4 4 4 4 4 4 4 4 4 4 4 4 4 4 4 4 4 4 4 4 4 4 4 4 4 4 4 4 4 4 4 4 4 4 4 4 4 4 4 4 4 4 4 4 4 4 4 4 4 4 4 4 4 4 4 4 4 4 4 4 4 4 4 4 4 4 4 4 4 4 4 4 4 4 4 4 4 4 4 4 4 4 4 4 4 4 4 4 4 4 4 4 4 4 4 4 4 4 4 4 4 4 4 4 4 4 4 4 4 4 4 4 4 4 4 4 4 4 4 4 4 4 4 4 4 4 4 4 4 4 4 4 4 4 4 4 4 4 4 4 4 4 4 4 4 4 4 4 4 4 4 4 4 4 4 4 4 4 4 4 4 4 4 4 4 4 4 4 4 4 4 4 4 4 4 4 4 4 4 4 4 4 4 4 4 4 4 4 4 4 4 4 4 4 4 4 4 4 4 4 4 4 4 4 4 4 4 4 4 4 4 4 4 4 4 4 4 4 4 4 4 4 4 4 4 4 4 4 4 4 4 4 4 4 4 4 4 4 4 4 4 4 4 4 4 4 4 4 4 4 4 4 4 4 4 4 4 4 4 4 4 4 4 4 4 4 4 4 4 4 4 4 4 4 4 4 4 4 4 4 4 4 4 4 4 4 4 4 4 4 4 4 4 4 4 4 4 4 4 4 4 4 4 4 4 4 4 4 4 4 4 4 4 4 4 4 4 4 4 4 4 4 4 4 4 4 4 4 4 4 4 4 4 4 4 4 4 4 4 4 4 4 4 4 4 4 4 4 4 4 4 4 4 4 4 4 4 4 4 4 4 4 4 4 4 4 4 4 4 4 4 4 4 4 4 4 4 4 4 4 4 4 4 4 4 4 4 4 4 4 4 4 4 4 4 4 4 4 4 4 4 4 4 4 4 4 4 4 4 4 4 4 4 4 4 4 4 4 4 4 4 4 4 4 4 4 4 4 4 4 4 4 4 4 4 4 4 4 4 4 4 4 4 4 4 4 4 4 4 4 4 4 4 4 4 4 4 4 4 4 4 4 4 4 4 4 4 4 4 4 4 4 4 4 4 4 4 4 4 4 4 4 4 4 4 4 4 4 4 4 4 4 4 4 4 4 4 4 4 4 4 4 4 4 4 4 4 4 4 4 4 4 4 4 4 4 4 4 4 4 4 4 4 4 4 4 4 4 4 4 4 4 4 4 4 4 4 4 4 4 4 4 4 4 4 4 4 4 4 4 4 4 4 4 4 4 4 4 4 4 4 4 4 4 4 4 4 4 4 4 4 4 4 4 4 4 4 4 4 4 4 4 4 4 4 4 4 4 4 4 4 4 4 4 4 4 4 4 4 4 4 4 4 4 4 4 4 4 4 4 4 4 4 4 4 4 4 4 4 4 4 4 4 4 4 4 4 4 4 4 4 4 4 4 4 4 4 4 4 4 4 4 4 4 4 4 4 4 4 4 4 4 4 4 4 4 4 4 4 4 4 4 4 4 4 4 4 4 4 4 4 4 4 4 4 4 4 4 4 4 4 4 4 4 4 4 4 4 4 4 4 4 4 4 4 4 4 4 4 4 4 4 4 4 4 4 4 4 4 4 4 4 4 4 4 4 4 4 4 4 4 4 4 4 4 4 4 4 4 4 4 4 4 4 4 4 4 4 4 4 4 4 4 4 4 4 4 4 4 4 4 4 4 4 4 4 4 4 4 4 4 4 4 4 4 4 4 4 4 4 4 4 4 4 4 4 4 4 4 4 4 4 4 4 4 4 4 4 4 4 4 

  -1    0    0	  5.00000000e+00   0.00000000e+00   0.00000000e+00 	1    2 0
  -1    0    1	  5.00000000e+00   0.00000000e+00   1.00000000e+00 	2   18 0
  -1    0    2	  4.31917100e+00   0.00000000e+00   6.82642900e-01 	5    9 0
  -1    0    3	  4.00000000e+00   0.00000000e+00   0.00000000e+00 	2    1 0
  -1    0    4	  4.34076900e+00   6.54075800e-01   0.00000000e+00 	5    1 0
  -1    0    5	  5.00000000e+00   6.54881400e-01   6.59085600e-01 	5    6 0
  -1    0    6	  5.00000000e+00   1.00000000e+00   0.00000000e+00 	2    2 0
  -1    0    7	  4.48447700e+00   1.13223500e+00   7.44582800e-01 	4    1 0
  -1    0    8	  5.00000000e+00   1.46869700e+00   8.21509600e-01 	5    6 0
  -1    0    9	  5.00000000e+00   8.05710300e-01   1.47391800e+00 	5    6 0
  -1    0   10	  5.00000000e+00   0.00000000e+00   2.00000000e+00 	2   18 0
  -1    0   11	  4.19499400e+00   0.00000000e+00   1.51265700e+00 	5    9 0
  -1    0   12	  4.00592900e+00   6.39706600e-01   8.52132800e-01 	4    1 0
  -1    0   13	  3.40233000e+00   0.00000000e+00   8.97202400e-01 	5    9 0
  -1    0   14	  3.00000000e+00   0.00000000e+00   0.00000000e+00 	2    1 0
  -1    0   15	  3.52437000e+00   8.03944100e-01   0.00000000e+00 	5    1 0
  -1    0   16	  4.17781600e+00   1.46716800e+00   0.00000000e+00 	5    1 0
  -1    0   17	  5.00000000e+00   2.00000000e+00   0.00000000e+00 	2    2 0
   3    1   18	  5.00000000e+00   0.00000000e+00   3.00000000e+00 	2   18 0
  -1    0   19	  4.12061500e+00   5.25348600e-01   1.86634100e+00 	4    1 0
   1    1   20	  4.14000000e+00   0.00000000e+00   2.51946700e+00 	5    9 0
  -1    0   21	  3.31070000e+00   0.00000000e+00   1.97241500e+00 	5    9 0
  44    1   22	  3.14340700e+00   0.00000000e+00   3.10511900e+00 	5    9 0
  -1    0   23	  3.00842100e+00   5.72935400e-01   8.59455100e-01 	4    1 0
  -1    0   24	  2.49790000e+00   0.00000000e+00   6.51309600e-01 	5    9 0
  -1    0   25	  3.52277400e+00   7.67672800e-01   1.46073300e+00 	4    1 0
  -1    0   26	  3.59314200e+00   1.35840300e+00   8.34561100e-01 	4    1 0
  -1    0   27	  2.86433100e+00   1.17760100e+00   8.03128400e-01 	4    1 0
  43    0   28	  5.00000000e+00   8.02184300e-01   3.48694200e+00 	5    6 0
  -1    0   29	  5.00000000e+00   8.56992300e-01   2.47931600e+00 	5    6 0
   2    1   30	  4.30860900e+00   9.49277100e-01   2.82803500e+00 	4    1 0
  -1    0   31	  4.15170900e+00   1.33425000e+00   1.70156400e+00 	4    1 0
  -1    0   32	  2.49549300e+00   0.00000000e+00   1.45685400e+00 	5    9 0
   6    1   33	  2.49441800e+00   0.00000000e+00   2.32661800e+00 	5    9 0
  -1    0   34	  2.80083000e+00   8.75171600e-01   1.55448500e+00 	4    1 0
   4    1   35	  3.43034300e+00   8.04021100e-01   2.44115200e+00 	4    1 0
  -1    0   36	  2.35008600e+00   1.06950200e+00   2.18481200e+00 	4    1 0
  25    0   37	  2.49239900e+00   9.49958600e-01   2.87339400e+00 	4    1 0
   5    1   38	  2.94873000e+00   1.56312700e+00   2.42635000e+00 	4    1 0
  11    1   39	  3.67436800e+00   1.54877200e+00   2.95522000e+00 	4    1 0
  -1    0   40	  2.00000000e+00   0.00000000e+00   0.00000000e+00 	2    1 0
  -1    0   41	  2.51934500e+00   8.55523900e-01   0.00000000e+00 	5    1 0
  -1    0   42	  2.17912500e+00   8.35695900e-01   7.98102000e-01 	4    1 0
  -1    0   43	  2.39038200e+00   1.55611800e+00   1.61040300e+00 	4    1 0
  -1    0   44	  4.28860200e+00   1.95330800e+00   7.85865100e-01 	4    1 0
  -1    0   45	  5.00000000e+00   2.49949900e+00   9.04251600e-01 	5    6 0
  -1    0   46	  5.00000000e+00   3.00000000e+00   0.00000000e+00 	2    2 0
  -1    0   47	  5.00000000e+00   1.85116900e+00   1.89352300e+00 	5    6 0
  -1    0   48	  4.31516500e+00   1.87042200e+00   2.48906400e+00 	4    1 0
   0    1   49	  5.00000000e+00   1.68299900e+00   3.02582500e+00 	5    6 0
  -1    0   50	  5.00000000e+00   2.49701500e+00   2.67120200e+00 	5    6 0
  16    1   51	  4.34185100e+00   1.82786200e+00   3.35884800e+00 	4    1 0
  14    1   52	  3.68368600e+00   2.14165400e+00   3.54994200e+00 	4    1 0
  -1    0   53	  4.34072000e+00   2.50617300e+00   2.09571800e+00 	4    1 0
  -1    0   54	  4.04828200e+00   2.27103100e+00   1.40320800e+00 	4    1 0
  -1    0   55	  3.19438300e+00   1.74245200e+00   1.49671600e+00 	4    1 0
  -1    0   56	  3.54992300e+00   2.08452800e+00   7.18499000e-01 	4    1 0
  -1    0   57	  4.09463600e+00   2.49782800e+00   0.00000000e+00 	5    1 0
  -1    0   58	  3.10507400e+00   1.84807000e+00   0.00000000e+00 	5    1 0
  -1    0   59	  2.56386700e+00   1.86509300e+00   7.92176200e-01 	4    1 0
  -1    0   60	  3.36816800e+00   2.56417700e+00   5.73689500e-01 	4    1 0
  -1    0   61	  2.92667000e+00   2.46634300e+00   7.54694900e-01 	4    1 0
  -1    0   62	  3.34315700e+00   2.53291100e+00   1.26168600e+00 	4    1 0
  -1    0   63	  3.50828700e+00   2.24301300e+00   2.09079800e+00 	4    1 0
  -1    0   64	  3.51497500e+00   2.30858100e+00   2.90773100e+00 	4    1 0
  -1    0   65	  3.74754100e+00   2.79946100e+00   7.90796200e-01 	4    1 0
  15    1   66	  5.00000000e+00   2.49723300e+00   3.54167200e+00 	5    6 0
  -1    0   67	  2.77890500e+00   2.23085500e+00   2.31317500e+00 	4    1 0
  -1    0   68	  2.72114200e+00   2.46304800e+00   1.48645900e+00 	4    1 0
  -1    0   69	  1.97126900e+00   1.68081700e+00   0.00000000e+00 	5    1 0
  -1    0   70	  2.32661800e+00   2.49441800e+00   0.00000000e+00 	5    1 0
  -1    0   71	  2.83457100e+00   2.59872300e+00   2.88797800e+00 	4    1 0
  30    1   72	  2.85857300e+00   1.92521800e+00   3.27990600e+00 	4    1 0
  27    0   73	  4.20208600e+00   2.79439500e+00   3.74754100e+00 	4    1 0
  -1    0   74	  3.03191100e+00   3.05016600e+00   1.05608700e+00 	4    1 0
  -1    0   75	  2.94200700e+00   3.00336700e+00   1.88702100e+00 	4    1 0
  -1    0   76	  3.13872000e+00   2.93592200e+00   2.58286100e+00 	4    1 0
  13    1   77	  3.47607000e+00   2.86371200e+00   3.36100500e+00 	4    1 0
  -1    0   78	  4.34215600e+00   3.06938000e+00   9.20705700e-01 	4    1 0
  -1    0   79	  3.71015500e+00   3.16530200e+00   1.61753100e+00 	4    1 0
  -1    0   80	  5.00000000e+00   3.53049000e+00   8.21048300e-01 	5    6 0
  -1    0   81	  5.00000000e+00   3.14575900e+00   1.89291500e+00 	5    6 0
  -1    0   82	  4.14125600e+00   3.00450100e+00   2.70379600e+00 	4    1 0
  -1    0   83	  5.00000000e+00   3.31237500e+00   3.02619000e+00 	5    6 0
  12    1   84	  4.21611900e+00   3.47474000e+00   3.55275400e+00 	4    1 0
  35    0   85	  5.00000000e+00   3.40306700e+00   4.10217400e+00 	5    6 0
  -1    0   86	  3.45345700e+00   3.44603900e+00   3.02399700e+00 	4    1 0
  -1    0   87	  3.60737900e+00   3.58398800e+00   3.53693500e+00 	4    1 0
  -1    0   88	  4.34742800e+00   3.78685600e+00   1.80020900e+00 	4    1 0
  28    1   89	  5.00000000e+00   4.31946800e+00   4.31711200e+00 	5    6 0
  -1    0   90	  5.00000000e+00   4.00000000e+00   0.00000000e+00 	2    2 0
  -1    0   91	  5.00000000e+00   4.34459900e+00   6.58625500e-01 	5    6 0
  -1    0   92	  5.00000000e+00   4.19571400e+00   3.48674900e+00 	5    6 0
  -1    0   93	  5.00000000e+00   5.00000000e+00   4.00000000e+00 	2   19 0
  54    1   94	  5.00000000e+00   5.00000000e+00   5.00000000e+00 	1    7 0
  34    1   95	  4.30833900e+00   4.17789200e+00   4.13795600e+00 	4    1 0
  -1    0   96	  4.32073400e+00   5.00000000e+00   4.31764100e+00 	5   10 0
  55    0   97	  4.00000000e+00   5.00000000e+00   5.00000000e+00 	2    7 0
  40    1   98	  3.50865900e+00   3.38963900e+00   4.18391700e+00 	4    1 0
  56    1   99	  3.00000000e+00   5.00000000e+00   5.00000000e+00 	2    7 0
  37    0  100	  3.39668700e+00   4.39711000e+00   4.35099300e+00 	4    1 0
  -1    0  101	  4.19781600e+00   5.00000000e+00   3.48694200e+00 	5   10 0
  -1    0  102	  4.12224700e+00   4.12411200e+00   2.99065500e+00 	4    1 0
  -1    0  103	  3.40585600e+00   5.00000000e+00   4.10126400e+00 	5   10 0
  -1    0  104	  5.00000000e+00   5.00000000e+00   3.00000000e+00 	2   19 0
  -1    0  105	  5.00000000e+00   4.14106600e+00   2.47965200e+00 	5    6 0
  -1    0  106	  5.00000000e+00   5.00000000e+00   2.00000000e+00 	2   19 0
  -1    0  107	  5.00000000e+00   4.19343900e+00   1.47479500e+00 	5    6 0
  -1    0  108	  4.14300800e+00   5.00000000e+00   2.47931600e+00 	5   10 0
  -1    0  109	  4.23309800e+00   4.41190500e+00   1.92459900e+00 	4    1 0
  -1    0  110	  3.31700100e+00   5.00000000e+00   3.02582500e+00 	5   10 0
  -1    0  111	  5.00000000e+00   5.00000000e+00   1.00000000e+00 	2   19 0
  38    1  112	  2.50139000e+00   5.00000000e+00   4.34802700e+00 	5   10 0
  -1    0  113	  4.35944400e+00   4.08923200e+00   9.45312800e-01 	4    1 0
  -1    0  114	  4.19429000e+00   5.00000000e+00   1.47391800e+00 	5   10 0
  -1    0  115	  4.34511900e+00   5.00000000e+00   6.59085600e-01 	5   10 0
  -1    0  116	  5.00000000e+00   5.00000000e+00   0.00000000e+00 	1    3 0
  -1    0  117	  3.67939900e+00   4.23685400e+00   1.37348000e+00 	4    1 0
  -1    0  118	  3.55985900e+00   3.66807000e+00   7.92654600e-01 	4    1 0
  -1    0  119	  3.89820800e+00   4.39266300e+00   6.25399100e-01 	4    1 0
  -1    0  120	  4.34088700e+00   4.34398600e+00   0.00000000e+00 	5    1 0
  -1    0  121	  4.17801800e+00   3.52927300e+00   0.00000000e+00 	5    1 0
  -1    0  122	  3.10511900e+00   3.14340700e+00   0.00000000e+00 	5    1 0
  -1    0  123	  3.52435200e+00   4.19239100e+00   0.00000000e+00 	5    1 0
  -1    0  124	  4.00000000e+00   5.00000000e+00   0.00000000e+00 	2    3 0
  -1    0  125	  2.80528100e+00   3.67987500e+00   7.21717000e-01 	4    1 0
  -1    0  126	  3.53130300e+00   5.00000000e+00   8.21509600e-01 	5   10 0
  -1    0  127	  3.10262000e+00   4.34409300e+00   7.62899900e-01 	4    1 0
  -1    0  128	  3.00000000e+00   5.00000000e+00   0.00000000e+00 	2    3 0
  -1    0  129	  2.51946700e+00   4.14000000e+00   0.00000000e+00 	5    1 0
  -1    0  130	  3.35173100e+00   4.02860700e+00   2.35652000e+00 	4    1 0
  -1    0  131	  3.08074900e+00   4.15859900e+00   3.49295600e+00 	4    1 0
  29    0  132	  2.80561800e+00   3.02650200e+00   3.41473000e+00 	4    1 0
  42    1  133	  2.53104700e+00   3.51295600e+00   4.18490700e+00 	4    1 0
  -1    0  134	  3.14883100e+00   5.00000000e+00   1.89352300e+00 	5   10 0
  -1    0  135	  2.63161000e+00   3.49191100e+00   2.57761000e+00 	4    1 0
  -1    0  136	  2.33576300e+00   2.95350800e+00   2.89231100e+00 	4    1 0
  -1    0  137	  2.32609400e+00   2.44158200e+00   2.92778700e+00 	4    1 0
  -1    0  138	  2.80362700e+00   3.95917500e+00   1.48069200e+00 	4    1 0
  -1    0  139	  2.50050100e+00   5.00000000e+00   9.04251600e-01 	5   10 0
  -1    0  140	  2.00000000e+00   5.00000000e+00   0.00000000e+00 	2    3 0
  -1    0  141	  2.32929800e+00   4.17238900e+00   2.22036800e+00 	4    1 0
  -1    0  142	  2.50298500e+00   5.00000000e+00   2.67120200e+00 	5   10 0
  -1    0  143	  2.50276700e+00   5.00000000e+00   3.54167200e+00 	5   10 0
  41    0  144	  2.19875200e+00   4.25643900e+00   4.09899600e+00 	4    1 0
  -1    0  145	  2.14463300e+00   3.59108200e+00   3.38838800e+00 	4    1 0
  -1    0  146	  2.20757700e+00   4.15555700e+00   2.99139700e+00 	4    1 0
  33    0  147	  1.97406300e+00   2.04871300e+00   3.42954400e+00 	4    1 0
  24    1  148	  2.12496400e+00   1.81077700e+00   2.56638200e+00 	4    1 0
  -1    0  149	  2.33468300e+00   2.72737100e+00   2.33826400e+00 	4    1 0
  22    1  150	  1.47773600e+00   1.80333700e+00   2.72939500e+00 	4    1 0
  18    1  151	  1.62888300e+00   2.52981700e+00   2.79605000e+00 	4    1 0
  -1    0  152	  1.86895800e+00   3.32341800e+00   2.62778500e+00 	4    1 0
  31    0  153	  1.66497000e+00   2.88113800e+00   3.39480500e+00 	4    1 0
  23    0  154	  1.62179300e+00   8.54845000e-01   2.51690700e+00 	4    1 0
   7    1  155	  1.68081700e+00   0.00000000e+00   1.97126900e+00 	5    9 0
  -1    0  156	  1.75479700e+00   7.29958900e-01   1.59446400e+00 	4    1 0
  -1    0  157	  1.59311600e+00   0.00000000e+00   8.97584000e-01 	5    9 0
  26    1  158	  8.55523900e-01   0.00000000e+00   2.51934500e+00 	5    9 0
  19    1  159	  1.46421200e+00   1.57585600e+00   1.94074900e+00 	4    1 0
  -1    0  160	  1.99980300e+00   2.27995600e+00   1.61676300e+00 	4    1 0
  -1    0  161	  2.23551000e+00   2.91025800e+00   7.45680800e-01 	4    1 0
  -1    0  162	  2.13905500e+00   3.28037700e+00   1.61066600e+00 	4    1 0
  -1    0  163	  1.97241500e+00   3.31070000e+00   0.00000000e+00 	5    1 0
  -1    0  164	  2.03426800e+00   4.10427500e+00   7.56193800e-01 	4    1 0
  -1    0  165	  1.53312400e+00   2.57794300e+00   2.08448200e+00 	4    1 0
  -1    0  166	  1.37477100e+00   3.39050500e+00   1.88847500e+00 	4    1 0
  -1    0  167	  9.69725800e-01   1.02926300e+00   1.37166500e+00 	4    1 0
  -1    0  168	  8.01291600e-01   0.00000000e+00   1.51202400e+00 	5    9 0
   8    1  169	  0.00000000e+00   0.00000000e+00   2.00000000e+00 	2   17 0
  21    0  170	  8.02668300e-01   8.84906700e-01   2.07750700e+00 	4    1 0
  36    1  171	  0.00000000e+00   8.60000200e-01   2.51946700e+00 	5    5 0
  -1    0  172	  1.51202400e+00   8.01291600e-01   0.00000000e+00 	5    1 0
  -1    0  173	  1.04938600e+00   6.24810700e-01   7.98007100e-01 	4    1 0
  -1    0  174	  0.00000000e+00   0.00000000e+00   1.00000000e+00 	2   17 0
  -1    0  175	  1.00000000e+00   0.00000000e+00   0.00000000e+00 	2    1 0
  -1    0  176	  6.78881400e-01   0.00000000e+00   6.81921700e-01 	5    9 0
  -1    0  177	  0.00000000e+00   0.00000000e+00   0.00000000e+00 	1    1 0
  -1    0  178	  6.81921700e-01   6.78881400e-01   0.00000000e+00 	5    1 0
  -1    0  179	  0.00000000e+00   6.80829100e-01   6.82642900e-01 	5    5 0
  -1    0  180	  0.00000000e+00   8.05006000e-01   1.51265700e+00 	5    5 0
  -1    0  181	  1.54442400e+00   1.70561700e+00   8.73370700e-01 	4    1 0
  -1    0  182	  1.42162600e+00   2.72724900e+00   1.16671200e+00 	4    1 0
  -1    0  183	  1.45685400e+00   2.49549300e+00   0.00000000e+00 	5    1 0
  -1    0  184	  6.64643400e-01   1.25316900e+00   6.72483900e-01 	4    1 0
  -1    0  185	  9.41342600e-01   2.10588100e+00   6.81717800e-01 	4    1 0
  -1    0  186	  8.97584000e-01   1.59311600e+00   0.00000000e+00 	5    1 0
  -1    0  187	  0.00000000e+00   1.00000000e+00   0.00000000e+00 	2    4 0
  -1    0  188	  1.08618800e+00   2.29222800e+00   1.45626000e+00 	4    1 0
  -1    0  189	  6.39818100e-01   1.70233300e+00   1.33581600e+00 	4    1 0
   9    1  190	  0.00000000e+00   1.68930000e+00   1.97241500e+00 	5    5 0
  20    1  191	  7.62909200e-01   2.08815400e+00   2.30879500e+00 	4    1 0
  -1    0  192	  1.39655000e+00   3.43140900e+00   8.11906100e-01 	4    1 0
  -1    0  193	  0.00000000e+00   1.59767000e+00   8.97202400e-01 	5    5 0
  -1    0  194	  4.02689600e-01   1.96227100e+00   5.83862800e-01 	4    1 0
  -1    0  195	  1.51265700e+00   4.19499400e+00   0.00000000e+00 	5    1 0
  -1    0  196	  0.00000000e+00   2.00000000e+00   0.00000000e+00 	2    4 0
  -1    0  197	  6.51309600e-01   2.49790000e+00   0.00000000e+00 	5    1 0
  -1    0  198	  0.00000000e+00   2.50210000e+00   6.51309600e-01 	5    5 0
  -1    0  199	  8.97202400e-01   3.40233000e+00   0.00000000e+00 	5    1 0
  -1    0  200	  0.00000000e+00   3.00000000e+00   0.00000000e+00 	2    4 0
  -1    0  201	  6.35522000e-01   2.82893900e+00   7.27975800e-01 	4    1 0
  -1    0  202	  0.00000000e+00   2.50450700e+00   1.45685400e+00 	5    5 0
  10    1  203	  0.00000000e+00   2.50558200e+00   2.32661800e+00 	5    5 0
  -1    0  204	  7.19037200e-01   3.14789700e+00   1.59657100e+00 	4    1 0
  -1    0  205	  6.19400900e-01   3.78295000e+00   7.02854300e-01 	4    1 0
  -1    0  206	  0.00000000e+00   3.40688400e+00   8.97584000e-01 	5    5 0
  -1    0  207	  0.00000000e+00   4.00000000e+00   0.00000000e+00 	2    4 0
  -1    0  208	  1.00000000e+00   5.00000000e+00   0.00000000e+00 	2    3 0
  -1    0  209	  6.82642900e-01   4.31917100e+00   0.00000000e+00 	5    1 0
  -1    0  210	  0.00000000e+00   4.32111900e+00   6.81921700e-01 	5    5 0
  -1    0  211	  0.00000000e+00   5.00000000e+00   0.00000000e+00 	1    4 0
  -1    0  212	  1.46951000e+00   5.00000000e+00   8.21048300e-01 	5   10 0
  -1    0  213	  1.01957700e+00   4.40006500e+00   7.34968600e-01 	4    1 0
  -1    0  214	  1.35961100e+00   4.09917900e+00   1.48511200e+00 	4    1 0
  -1    0  215	  6.55401300e-01   5.00000000e+00   6.58625500e-01 	5   10 0
  -1    0  216	  0.00000000e+00   5.00000000e+00   1.00000000e+00 	2   20 0
  -1    0  217	  0.00000000e+00   3.31918300e+00   1.97126900e+00 	5    5 0
  -1    0  218	  0.00000000e+00   4.19870800e+00   1.51202400e+00 	5    5 0
  -1    0  219	  8.06560900e-01   5.00000000e+00   1.47479500e+00 	5   10 0
  -1    0  220	  1.85424100e+00   5.00000000e+00   1.89291500e+00 	5   10 0
  -1    0  221	  0.00000000e+00   5.00000000e+00   2.00000000e+00 	2   20 0
  -1    0  222	  8.58934200e-01   5.00000000e+00   2.47965200e+00 	5   10 0
  -1    0  223	  1.68762500e+00   5.00000000e+00   3.02619000e+00 	5   10 0
  -1    0  224	  7.57884200e-01   4.12068600e+00   2.14715500e+00 	4    1 0
  -1    0  225	  1.50382300e+00   4.11404800e+00   2.56001400e+00 	4    1 0
  -1    0  226	  1.40321100e+00   3.61898000e+00   3.21895000e+00 	4    1 0
  17    1  227	  9.18623100e-01   3.21161200e+00   2.63777000e+00 	4    1 0
  -1    0  228	  0.00000000e+00   4.14447600e+00   2.51934500e+00 	5    5 0
  -1    0  229	  7.74284900e-01   4.46309400e+00   3.01257200e+00 	4    1 0
  -1    0  230	  7.65353300e-01   3.95322400e+00   3.05612100e+00 	4    1 0
  32    1  231	  1.44909000e+00   4.27508500e+00   3.51863700e+00 	4    1 0
  52    1  232	  1.43253700e+00   3.52902600e+00   4.13448600e+00 	4    1 0
  -1    0  233	  0.00000000e+00   5.00000000e+00   3.00000000e+00 	2   20 0
  -1    0  234	  8.04286300e-01   5.00000000e+00   3.48674900e+00 	5   10 0
  39    0  235	  1.59693300e+00   5.00000000e+00   4.10217400e+00 	5   10 0
  46    1  236	  7.99573000e-01   3.12787700e+00   3.64684800e+00 	4    1 0
  -1    0  237	  7.42496200e-01   3.67512100e+00   3.55928200e+00 	4    1 0
  45    0  238	  0.00000000e+00   3.15193000e+00   3.10507400e+00 	5    5 0
  50    1  239	  0.00000000e+00   4.34592400e+00   4.34076900e+00 	5    5 0
  48    1  240	  6.80532200e-01   5.00000000e+00   4.31711200e+00 	5   10 0
  49    0  241	  0.00000000e+00   5.00000000e+00   4.00000000e+00 	2   20 0
  47    0  242	  7.90509400e-01   4.33838000e+00   3.90929300e+00 	4    1 0
  53    0  243	  0.00000000e+00   3.53283200e+00   4.17781600e+00 	5    5 0
  51    0  244	  6.12505100e-01   3.70008800e+00   4.27604900e+00 	4    1 0
  -1    0  245	  0.00000000e+00   4.19605600e+00   3.52437000e+00 	5    5 0

0

0


     0	  177 175 178 176 	4    1 0	1 9 0 0 5 5 0 0 
     1	  175 40 172 157 	4    1 0	1 9 0 0 5 5 0 0 
     2	   40 14 41 24 	4    1 0	1 9 0 0 5 5 0 0 
     3	   14 3 15 13 	4    1 0	1 9 0 0 5 5 0 0 
     4	    3 0 4 2 	4    1 0	1 9 0 0 5 5 0 0 
     5	    0 6 4 5 	4    1 0	1 6 0 0 5 5 0 0 
     6	    6 17 16 8 	4    1 0	1 6 0 0 5 5 0 0 
     7	   17 46 57 45 	4    1 0	1 6 0 0 5 5 0 0 
     8	   46 90 121 80 	4    1 0	1 6 0 0 5 5 0 0 
     9	   90 116 120 91 	4    1 0	1 6 0 0 5 5 0 0 
    10	  116 124 120 115 	4    1 0	1 10 0 0 5 5 0 0 
    11	  124 128 123 126 	4    1 0	1 10 0 0 5 5 0 0 
    12	  128 140 129 139 	4    1 0	1 10 0 0 5 5 0 0 
    13	  140 208 195 212 	4    1 0	1 10 0 0 5 5 0 0 
    14	  208 211 209 215 	4    1 0	1 10 0 0 5 5 0 0 
    15	  211 207 209 210 	4    1 0	1 5 0 0 5 5 0 0 
    16	  201 207 200 206 	4    1 0	0 0 5 0 0 0 5 0 
    17	  200 196 197 198 	4    1 0	1 5 0 0 5 5 0 0 
    18	  194 196 187 193 	4    1 0	0 0 5 0 0 0 5 0 
    19	  187 177 178 179 	4    1 0	1 5 0 0 5 5 0 0 
    20	  178 175 172 173 	4    1 0	1 0 0 0 5 0 0 0 
    21	  172 40 41 42 	4    1 0	1 0 0 0 5 0 0 0 
    22	   41 14 15 23 	4    1 0	1 0 0 0 5 0 0 0 
    23	   15 3 4 12 	4    1 0	1 0 0 0 5 0 0 0 
    24	    4 6 16 7 	4    1 0	1 0 0 0 5 0 0 0 
    25	   16 17 57 44 	4    1 0	1 0 0 0 5 0 0 0 
    26	   57 46 121 78 	4    1 0	1 0 0 0 5 0 0 0 
    27	  121 90 120 113 	4    1 0	1 0 0 0 5 0 0 0 
    28	  120 124 123 119 	4    1 0	1 0 0 0 5 0 0 0 
    29	  123 128 129 127 	4    1 0	1 0 0 0 5 0 0 0 
    30	  129 140 195 164 	4    1 0	1 0 0 0 5 0 0 0 
    31	  195 208 209 213 	4    1 0	1 0 0 0 5 0 0 0 
    32	  209 207 199 205 	4    1 0	1 0 0 0 5 0 0 0 
    33	  199 200 197 201 	4    1 0	1 0 0 0 5 0 0 0 
    34	  197 196 186 194 	4    1 0	1 0 0 0 5 0 0 0 
    35	  186 187 178 184 	4    1 0	1 0 0 0 5 0 0 0 
    36	  178 172 186 184 	4    1 0	1 0 0 0 5 0 0 0 
    37	  172 41 69 42 	4    1 0	1 0 0 0 5 0 0 0 
    38	   41 15 58 27 	4    1 0	1 0 0 0 5 0 0 0 
    39	   15 4 16 12 	4    1 0	1 0 0 0 5 0 0 0 
    40	   16 57 58 56 	4    1 0	1 0 0 0 5 0 0 0 
    41	   57 121 122 65 	4    1 0	1 0 0 0 5 0 0 0 
    42	  121 120 123 119 	4    1 0	1 0 0 0 5 0 0 0 
    43	  123 129 122 125 	4    1 0	1 0 0 0 5 0 0 0 
    44	  129 195 163 164 	4    1 0	1 0 0 0 5 0 0 0 
    45	  195 209 199 205 	4    1 0	1 0 0 0 5 0 0 0 
    46	  199 197 183 201 	4    1 0	1 0 0 0 5 0 0 0 
    47	  186 69 183 181 	4    1 0	1 0 0 0 5 0 0 0 
    48	  186 172 69 181 	4    1 0	1 0 0 0 5 0 0 0 
    49	   59 41 58 27 	4    1 0	0 0 0 0 0 0 0 0 
    50	   58 15 16 26 	4    1 0	1 0 0 0 5 0 0 0 
    51	   58 57 122 60 	4    1 0	1 0 0 0 5 0 0 0 
    52	  122 121 123 118 	4    1 0	1 0 0 0 5 0 0 0 
    53	  161 129 122 163 	4    1 0	0 0 1 0 0 0 5 0 
    54	  163 195 199 192 	4    1 0	1 0 0 0 5 0 0 0 
    55	  163 199 183 192 	4    1 0	1 0 0 0 5 0 0 0 
    56	  197 186 183 185 	4    1 0	1 0 0 0 5 0 0 0 
    57	   69 58 70 59 	4    1 0	1 0 0 0 5 0 0 0 
    58	   58 122 70 61 	4    1 0	1 0 0 0 5 0 0 0 
    59	  122 163 70 161 	4    1 0	1 0 0 0 5 0 0 0 
    60	  163 183 70 161 	4    1 0	1 0 0 0 5 0 0 0 
    61	  183 69 70 181 	4    1 0	1 0 0 0 5 0 0 0 
    62	  211 216 210 215 	4    1 0	5 10 0 0 5 5 0 0 
    63	  216 221 218 219 	4    1 0	5 10 0 0 5 5 0 0 
    64	  221 233 228 222 	4    1 0	5 10 0 0 5 5 0 0 
    65	  233 241 245 234 	4    1 0	5 10 0 0 5 5 0 0 
    66	  169 174 180 168 	4    1 0	5 9 0 0 5 5 0 0 
    67	  174 177 179 176 	4    1 0	5 9 0 0 5 5 0 0 
    68	  218 216 215 210 	4    1 0	0 5 0 0 0 5 0 0 
    69	  218 221 228 224 	4    1 0	5 0 0 0 5 0 0 0 
    70	  228 233 245 229 	4    1 0	5 0 0 0 5 0 0 0 
    71	  245 241 239 242 	4    1 0	5 0 0 0 5 0 0 0 
    72	  171 169 180 170 	4    1 0	5 0 0 0 5 0 0 0 
    73	  180 174 176 168 	4    1 0	0 0 9 0 0 0 5 0 
    74	  179 187 193 184 	4    1 0	5 0 0 0 5 0 0 0 
    75	  193 196 198 194 	4    1 0	5 0 0 0 5 0 0 0 
    76	  198 200 206 201 	4    1 0	5 0 0 0 5 0 0 0 
    77	  206 207 210 205 	4    1 0	5 0 0 0 5 0 0 0 
    78	  210 218 206 205 	4    1 0	5 0 0 0 5 0 0 0 
    79	  218 228 217 224 	4    1 0	5 0 0 0 5 0 0 0 
    80	  228 245 238 230 	4    1 0	5 0 0 0 5 0 0 0 
    81	  245 239 243 244 	4    1 0	5 0 0 0 5 0 0 0 
    82	  171 180 190 170 	4    1 0	5 0 0 0 5 0 0 0 
    83	  180 179 193 184 	4    1 0	5 0 0 0 5 0 0 0 
    84	  193 198 202 194 	4    1 0	5 0 0 0 5 0 0 0 
    85	  206 217 202 204 	4    1 0	5 0 0 0 5 0 0 0 
    86	  206 218 217 204 	4    1 0	5 0 0 0 5 0 0 0 
    87	  227 228 238 230 	4    1 0	0 0 0 0 0 0 0 0 
    88	  238 245 243 237 	4    1 0	5 0 0 0 5 0 0 0 
    89	  190 180 193 189 	4    1 0	5 0 0 0 5 0 0 0 
    90	  193 202 190 189 	4    1 0	5 0 0 0 5 0 0 0 
    91	  198 206 202 201 	4    1 0	5 0 0 0 5 0 0 0 
    92	  217 238 203 227 	4    1 0	5 0 0 0 5 0 0 0 
    93	  202 217 203 204 	4    1 0	5 0 0 0 5 0 0 0 
    94	  111 116 120 115 	4    1 0	0 10 0 0 0 5 0 0 
    95	  106 111 107 114 	4    1 0	6 10 0 0 5 5 0 0 
    96	  104 106 105 108 	4    1 0	6 10 0 0 5 5 0 0 
    97	   93 104 92 101 	4    1 0	6 10 0 0 5 5 0 0 
    98	   95 93 94 89 	4    1 0	0 0 6 0 0 0 5 0 
    99	   10 18 29 20 	4    1 0	6 9 0 0 5 5 0 0 
   100	    1 10 9 11 	4    1 0	6 9 0 0 5 5 0 0 
   101	    0 1 5 2 	4    1 0	6 9 0 0 5 5 0 0 
   102	    6 5 8 7 	4    1 0	6 0 0 0 5 0 0 0 
   103	   17 8 45 44 	4    1 0	6 0 0 0 5 0 0 0 
   104	   46 45 80 78 	4    1 0	6 0 0 0 5 0 0 0 
   105	   90 80 91 113 	4    1 0	6 0 0 0 5 0 0 0 
   106	  111 91 107 113 	4    1 0	6 0 0 0 5 0 0 0 
   107	  106 107 105 109 	4    1 0	6 0 0 0 5 0 0 0 
   108	  104 105 92 102 	4    1 0	6 0 0 0 5 0 0 0 
   109	   93 92 89 95 	4    1 0	6 0 0 0 5 0 0 0 
   110	   18 28 29 30 	4    1 0	6 0 0 0 5 0 0 0 
   111	   10 29 9 19 	4    1 0	6 0 0 0 5 0 0 0 
   112	    2 5 9 1 	4    1 0	0 0 6 0 0 0 5 0 
   113	    8 5 9 7 	4    1 0	6 0 0 0 5 0 0 0 
   114	   45 8 47 44 	4    1 0	6 0 0 0 5 0 0 0 
   115	   80 45 81 78 	4    1 0	6 0 0 0 5 0 0 0 
   116	   91 80 107 113 	4    1 0	6 0 0 0 5 0 0 0 
   117	  105 107 81 88 	4    1 0	6 0 0 0 5 0 0 0 
   118	   92 105 83 102 	4    1 0	6 0 0 0 5 0 0 0 
   119	   89 92 85 95 	4    1 0	6 0 0 0 5 0 0 0 
   120	   29 28 49 30 	4    1 0	6 0 0 0 5 0 0 0 
   121	    9 29 47 31 	4    1 0	6 0 0 0 5 0 0 0 
   122	    8 9 47 31 	4    1 0	6 0 0 0 5 0 0 0 
   123	   45 47 81 54 	4    1 0	6 0 0 0 5 0 0 0 
   124	   80 81 107 88 	4    1 0	6 0 0 0 5 0 0 0 
   125	   82 105 81 88 	4    1 0	0 0 0 0 0 0 0 0 
   126	   92 83 85 84 	4    1 0	6 0 0 0 5 0 0 0 
   127	   48 29 47 49 	4    1 0	0 0 6 0 0 0 5 0 
   128	   85 83 66 73 	4    1 0	6 0 0 0 5 0 0 0 
   129	   53 47 81 50 	4    1 0	0 0 6 0 0 0 5 0 
   130	   83 81 50 82 	4    1 0	6 0 0 0 5 0 0 0 
   131	   47 49 50 48 	4    1 0	6 0 0 0 5 0 0 0 
   132	   66 83 50 82 	4    1 0	6 0 0 0 5 0 0 0 
   133	   49 66 50 51 	4    1 0	6 0 0 0 5 0 0 0 
   134	  180 176 174 179 	4    1 0	0 0 0 5 0 0 0 5 
   135	  168 169 158 170 	4    1 0	9 0 0 0 5 0 0 0 
   136	   20 10 11 19 	4    1 0	9 0 0 0 5 0 0 0 
   137	   11 1 2 9 	4    1 0	9 0 0 0 5 0 0 0 
   138	    2 3 13 12 	4    1 0	9 0 0 0 5 0 0 0 
   139	   13 14 24 23 	4    1 0	9 0 0 0 5 0 0 0 
   140	   24 40 157 42 	4    1 0	9 0 0 0 5 0 0 0 
   141	  157 175 176 173 	4    1 0	9 0 0 0 5 0 0 0 
   142	  176 168 157 173 	4    1 0	9 0 0 0 5 0 0 0 
   143	  168 158 155 170 	4    1 0	9 0 0 0 5 0 0 0 
   144	   20 11 21 19 	4    1 0	9 0 0 0 5 0 0 0 
   145	   11 2 13 12 	4    1 0	9 0 0 0 5 0 0 0 
   146	   13 24 32 23 	4    1 0	9 0 0 0 5 0 0 0 
   147	  157 155 32 156 	4    1 0	9 0 0 0 5 0 0 0 
   148	  157 168 155 156 	4    1 0	9 0 0 0 5 0 0 0 
   149	   22 20 21 35 	4    1 0	9 0 0 0 5 0 0 0 
   150	   19 13 21 25 	4    1 0	0 0 0 0 0 0 0 0 
   151	   23 21 32 13 	4    1 0	0 0 9 0 0 0 5 0 
   152	   24 157 32 42 	4    1 0	9 0 0 0 5 0 0 0 
   153	   22 21 33 35 	4    1 0	9 0 0 0 5 0 0 0 
   154	   21 32 33 34 	4    1 0	9 0 0 0 5 0 0 0 
   155	   32 155 33 156 	4    1 0	9 0 0 0 5 0 0 0 
   156	   97 99 103 100 	4    1 0	10 0 0 0 5 0 0 0 
   157	   94 97 96 95 	4    1 0	10 0 0 0 5 0 0 0 
   158	  124 115 126 119 	4    1 0	10 0 0 0 5 0 0 0 
   159	  128 126 139 127 	4    1 0	10 0 0 0 5 0 0 0 
   160	  140 139 212 164 	4    1 0	10 0 0 0 5 0 0 0 
   161	  208 212 215 213 	4    1 0	10 0 0 0 5 0 0 0 
   162	  218 215 216 219 	4    1 0	0 0 10 0 0 0 5 0 
   163	  221 219 222 224 	4    1 0	10 0 0 0 5 0 0 0 
   164	  233 222 234 229 	4    1 0	10 0 0 0 5 0 0 0 
   165	  241 234 240 242 	4    1 0	10 0 0 0 5 0 0 0 
   166	   93 96 101 95 	4    1 0	10 0 0 0 5 0 0 0 
   167	  104 101 108 102 	4    1 0	10 0 0 0 5 0 0 0 
   168	  106 108 114 109 	4    1 0	10 0 0 0 5 0 0 0 
   169	  113 115 114 111 	4    1 0	0 0 10 0 0 0 5 0 
   170	   99 112 103 100 	4    1 0	10 0 0 0 5 0 0 0 
   171	  100 97 96 103 	4    1 0	0 0 10 0 0 0 5 0 
   172	  126 115 114 119 	4    1 0	10 0 0 0 5 0 0 0 
   173	  139 126 134 127 	4    1 0	10 0 0 0 5 0 0 0 
   174	  212 139 220 164 	4    1 0	10 0 0 0 5 0 0 0 
   175	  215 212 219 213 	4    1 0	10 0 0 0 5 0 0 0 
   176	  222 219 220 224 	4    1 0	10 0 0 0 5 0 0 0 
   177	  234 222 223 229 	4    1 0	10 0 0 0 5 0 0 0 
   178	  240 234 235 242 	4    1 0	10 0 0 0 5 0 0 0 
   179	  100 101 96 95 	4    1 0	0 0 0 0 0 0 0 0 
   180	  108 101 110 102 	4    1 0	10 0 0 0 5 0 0 0 
   181	  114 108 134 109 	4    1 0	10 0 0 0 5 0 0 0 
   182	  112 235 143 144 	4    1 0	10 0 0 0 5 0 0 0 
   183	  110 103 143 131 	4    1 0	10 0 0 0 5 0 0 0 
   184	  126 114 134 117 	4    1 0	10 0 0 0 5 0 0 0 
   185	  139 134 220 138 	4    1 0	10 0 0 0 5 0 0 0 
   186	  212 220 219 214 	4    1 0	10 0 0 0 5 0 0 0 
   187	  222 220 223 225 	4    1 0	10 0 0 0 5 0 0 0 
   188	  234 223 235 231 	4    1 0	10 0 0 0 5 0 0 0 
   189	  101 103 110 131 	4    1 0	10 0 0 0 5 0 0 0 
   190	  108 110 134 130 	4    1 0	10 0 0 0 5 0 0 0 
   191	  235 223 143 231 	4    1 0	10 0 0 0 5 0 0 0 
   192	  103 112 143 131 	4    1 0	10 0 0 0 5 0 0 0 
   193	  220 134 142 141 	4    1 0	10 0 0 0 5 0 0 0 
   194	  223 220 142 225 	4    1 0	10 0 0 0 5 0 0 0 
   195	  134 110 142 130 	4    1 0	10 0 0 0 5 0 0 0 
   196	  143 223 142 146 	4    1 0	10 0 0 0 5 0 0 0 
   197	  110 143 142 131 	4    1 0	10 0 0 0 5 0 0 0 
   198	  178 176 175 173 	4    1 0	0 0 0 0 0 0 0 0 
   199	  177 176 178 179 	4    1 0	0 0 0 0 0 0 0 0 
   200	  172 157 40 42 	4    1 0	0 0 0 0 0 0 0 0 
   201	  175 157 172 173 	4    1 0	0 0 0 0 0 0 0 0 
   202	   41 24 14 23 	4    1 0	0 0 0 0 0 0 0 0 
   203	   40 24 41 42 	4    1 0	0 0 0 0 0 0 0 0 
   204	   15 13 3 12 	4    1 0	0 0 0 0 0 0 0 0 
   205	   14 13 15 23 	4    1 0	0 0 0 0 0 0 0 0 
   206	    4 2 0 5 	4    1 0	0 0 0 0 0 0 0 0 
   207	    3 2 4 12 	4    1 0	0 0 0 0 0 0 0 0 
   208	    4 5 6 7 	4    1 0	0 0 0 0 0 0 0 0 
   209	   16 8 17 44 	4    1 0	0 0 0 0 0 0 0 0 
   210	    6 8 16 7 	4    1 0	0 0 0 0 0 0 0 0 
   211	   57 45 46 78 	4    1 0	0 0 0 0 0 0 0 0 
   212	   17 45 57 44 	4    1 0	0 0 0 0 0 0 0 0 
   213	  121 80 90 113 	4    1 0	0 0 0 0 0 0 0 0 
   214	   46 80 121 78 	4    1 0	0 0 0 0 0 0 0 0 
   215	  111 120 116 91 	4    1 0	0 0 0 6 0 0 0 5 
   216	   90 91 120 113 	4    1 0	0 0 0 0 0 0 0 0 
   217	  120 115 124 119 	4    1 0	0 0 0 0 0 0 0 0 
   218	  123 126 128 127 	4    1 0	0 0 0 0 0 0 0 0 
   219	  124 126 123 119 	4    1 0	0 0 0 0 0 0 0 0 
   220	  129 139 140 164 	4    1 0	0 0 0 0 0 0 0 0 
   221	  128 139 129 127 	4    1 0	0 0 0 0 0 0 0 0 
   222	  195 212 208 213 	4    1 0	0 0 0 0 0 0 0 0 
   223	  140 212 195 164 	4    1 0	0 0 0 0 0 0 0 0 
   224	  209 215 211 210 	4    1 0	0 0 0 0 0 0 0 0 
   225	  208 215 209 213 	4    1 0	0 0 0 0 0 0 0 0 
   226	  209 210 207 205 	4    1 0	0 0 0 0 0 0 0 0 
   227	  201 200 207 199 	4    1 0	0 0 1 0 0 0 5 0 
   228	  201 205 199 207 	4    1 0	0 0 0 0 0 0 0 0 
   229	  197 198 196 194 	4    1 0	0 0 0 0 0 0 0 0 
   230	  200 198 197 201 	4    1 0	0 0 0 0 0 0 0 0 
   231	  194 184 187 186 	4    1 0	0 0 0 0 0 0 0 0 
   232	  194 187 196 186 	4    1 0	0 0 1 0 0 0 5 0 
   233	  187 179 178 184 	4    1 0	0 0 0 0 0 0 0 0 
   234	  178 173 172 184 	4    1 0	0 0 0 0 0 0 0 0 
   235	   41 23 15 27 	4    1 0	0 0 0 0 0 0 0 0 
   236	    4 7 16 12 	4    1 0	0 0 0 0 0 0 0 0 
   237	   16 44 57 56 	4    1 0	0 0 0 0 0 0 0 0 
   238	   57 78 121 65 	4    1 0	0 0 0 0 0 0 0 0 
   239	  121 113 120 119 	4    1 0	0 0 0 0 0 0 0 0 
   240	  123 127 129 125 	4    1 0	0 0 0 0 0 0 0 0 
   241	  195 213 209 205 	4    1 0	0 0 0 0 0 0 0 0 
   242	  197 194 186 185 	4    1 0	0 0 0 0 0 0 0 0 
   243	  186 184 172 181 	4    1 0	0 0 0 0 0 0 0 0 
   244	   69 42 41 59 	4    1 0	0 0 0 0 0 0 0 0 
   245	  172 42 69 181 	4    1 0	0 0 0 0 0 0 0 0 
   246	   58 27 15 26 	4    1 0	0 0 0 0 0 0 0 0 
   247	   15 12 16 26 	4    1 0	0 0 0 0 0 0 0 0 
   248	   58 56 57 60 	4    1 0	0 0 0 0 0 0 0 0 
   249	   16 56 58 26 	4    1 0	0 0 0 0 0 0 0 0 
   250	  122 65 121 118 	4    1 0	0 0 0 0 0 0 0 0 
   251	   57 65 122 60 	4    1 0	0 0 0 0 0 0 0 0 
   252	  121 119 123 118 	4    1 0	0 0 0 0 0 0 0 0 
   253	  123 125 122 118 	4    1 0	0 0 0 0 0 0 0 0 
   254	  163 164 195 192 	4    1 0	0 0 0 0 0 0 0 0 
   255	  129 164 163 161 	4    1 0	0 0 0 0 0 0 0 0 
   256	  195 205 199 192 	4    1 0	0 0 0 0 0 0 0 0 
   257	  183 201 197 185 	4    1 0	0 0 0 0 0 0 0 0 
   258	  199 201 183 192 	4    1 0	0 0 0 0 0 0 0 0 
   259	  186 181 183 185 	4    1 0	0 0 0 0 0 0 0 0 
   260	   41 59 58 69 	4    1 0	0 0 0 1 0 0 0 5 
   261	   58 60 122 61 	4    1 0	0 0 0 0 0 0 0 0 
   262	  129 161 122 125 	4    1 0	0 0 0 0 0 0 0 0 
   263	  163 192 183 161 	4    1 0	0 0 0 0 0 0 0 0 
   264	   70 59 58 61 	4    1 0	0 0 0 0 0 0 0 0 
   265	   69 59 70 181 	4    1 0	0 0 0 0 0 0 0 0 
   266	   70 61 122 161 	4    1 0	0 0 0 0 0 0 0 0 
   267	   70 161 183 181 	4    1 0	0 0 0 0 0 0 0 0 
   268	  218 219 221 224 	4    1 0	0 0 0 0 0 0 0 0 
   269	  228 222 233 229 	4    1 0	0 0 0 0 0 0 0 0 
   270	  221 222 228 224 	4    1 0	0 0 0 0 0 0 0 0 
   271	  245 234 241 242 	4    1 0	0 0 0 0 0 0 0 0 
   272	  233 234 245 229 	4    1 0	0 0 0 0 0 0 0 0 
   273	  241 240 239 242 	4    1 0	0 0 0 0 0 0 0 0 
   274	  169 168 180 170 	4    1 0	0 0 0 0 0 0 0 0 
   275	  213 218 219 215 	4    1 0	0 0 0 0 0 0 0 0 
   276	  228 229 245 230 	4    1 0	0 0 0 0 0 0 0 0 
   277	  245 242 239 244 	4    1 0	0 0 0 0 0 0 0 0 
   278	  173 180 179 176 	4    1 0	0 0 0 0 0 0 0 0 
   279	  206 205 218 204 	4    1 0	0 0 0 0 0 0 0 0 
   280	  218 205 210 213 	4    1 0	0 0 0 0 0 0 0 0 
   281	  217 224 228 227 	4    1 0	0 0 0 0 0 0 0 0 
   282	  218 224 217 204 	4    1 0	0 0 0 0 0 0 0 0 
   283	  238 230 245 237 	4    1 0	0 0 0 0 0 0 0 0 
   284	  245 244 243 237 	4    1 0	0 0 0 0 0 0 0 0 
   285	  243 236 238 237 	4    1 0	0 0 0 0 0 0 0 0 
   286	  190 170 180 189 	4    1 0	0 0 0 0 0 0 0 0 
   287	  180 184 193 189 	4    1 0	0 0 0 0 0 0 0 0 
   288	  179 184 180 173 	4    1 0	0 0 0 0 0 0 0 0 
   289	  202 194 198 201 	4    1 0	0 0 0 0 0 0 0 0 
   290	  189 202 201 194 	4    1 0	0 0 0 0 0 0 0 0 
   291	  206 204 202 201 	4    1 0	0 0 0 0 0 0 0 0 
   292	  228 227 238 217 	4    1 0	0 0 0 5 0 0 0 5 
   293	  191 202 190 203 	4    1 0	0 0 5 0 0 0 5 0 
   294	  217 227 203 204 	4    1 0	0 0 0 0 0 0 0 0 
   295	  202 191 190 189 	4    1 0	0 0 0 0 0 0 0 0 
   296	  191 204 188 202 	4    1 0	0 0 0 0 0 0 0 0 
   297	  113 111 91 120 	4    1 0	0 0 0 0 0 0 0 0 
   298	  107 114 111 113 	4    1 0	0 0 0 0 0 0 0 0 
   299	  106 114 107 109 	4    1 0	0 0 0 0 0 0 0 0 
   300	  105 108 106 109 	4    1 0	0 0 0 0 0 0 0 0 
   301	  104 108 105 102 	4    1 0	0 0 0 0 0 0 0 0 
   302	   92 101 104 102 	4    1 0	0 0 0 0 0 0 0 0 
   303	   93 101 92 95 	4    1 0	0 0 0 0 0 0 0 0 
   304	   93 95 94 96 	4    1 0	0 0 0 10 0 0 0 5 
   305	   29 20 18 30 	4    1 0	0 0 0 0 0 0 0 0 
   306	   10 20 29 19 	4    1 0	0 0 0 0 0 0 0 0 
   307	    9 11 10 19 	4    1 0	0 0 0 0 0 0 0 0 
   308	  105 109 107 88 	4    1 0	0 0 0 0 0 0 0 0 
   309	    9 19 29 31 	4    1 0	0 0 0 0 0 0 0 0 
   310	   12 9 5 7 	4    1 0	0 0 0 0 0 0 0 0 
   311	    8 7 9 31 	4    1 0	0 0 0 0 0 0 0 0 
   312	   47 44 8 31 	4    1 0	0 0 0 0 0 0 0 0 
   313	   45 44 47 54 	4    1 0	0 0 0 0 0 0 0 0 
   314	   81 78 45 54 	4    1 0	0 0 0 0 0 0 0 0 
   315	   80 78 81 88 	4    1 0	0 0 0 0 0 0 0 0 
   316	  107 113 80 88 	4    1 0	0 0 0 0 0 0 0 0 
   317	   83 102 105 82 	4    1 0	0 0 0 0 0 0 0 0 
   318	   92 102 83 84 	4    1 0	0 0 0 0 0 0 0 0 
   319	   85 95 92 84 	4    1 0	0 0 0 0 0 0 0 0 
   320	   49 30 28 51 	4    1 0	0 0 0 0 0 0 0 0 
   321	   29 30 49 48 	4    1 0	0 0 0 0 0 0 0 0 
   322	   53 81 47 54 	4    1 0	0 0 0 0 0 0 0 0 
   323	  105 82 81 83 	4    1 0	0 0 0 6 0 0 0 5 
   324	   85 84 83 73 	4    1 0	0 0 0 0 0 0 0 0 
   325	   29 48 47 31 	4    1 0	0 0 0 0 0 0 0 0 
   326	   66 73 83 82 	4    1 0	0 0 0 0 0 0 0 0 
   327	   53 48 47 50 	4    1 0	0 0 0 0 0 0 0 0 
   328	   53 82 50 81 	4    1 0	0 0 0 0 0 0 0 0 
   329	   50 48 49 51 	4    1 0	0 0 0 0 0 0 0 0 
   330	   66 82 50 51 	4    1 0	0 0 0 0 0 0 0 0 
   331	  180 173 168 176 	4    1 0	0 0 0 0 0 0 0 0 
   332	   11 9 2 12 	4    1 0	0 0 0 0 0 0 0 0 
   333	  157 173 168 156 	4    1 0	0 0 0 0 0 0 0 0 
   334	  168 170 155 156 	4    1 0	0 0 0 0 0 0 0 0 
   335	   19 21 13 11 	4    1 0	0 0 9 0 0 0 5 0 
   336	   20 19 21 35 	4    1 0	0 0 0 0 0 0 0 0 
   337	   19 12 11 13 	4    1 0	0 0 0 0 0 0 0 0 
   338	   32 23 24 42 	4    1 0	0 0 0 0 0 0 0 0 
   339	   23 32 21 34 	4    1 0	0 0 0 0 0 0 0 0 
   340	  157 156 32 42 	4    1 0	0 0 0 0 0 0 0 0 
   341	   23 25 34 21 	4    1 0	0 0 0 0 0 0 0 0 
   342	  155 154 33 156 	4    1 0	0 0 0 0 0 0 0 0 
   343	   33 35 21 34 	4    1 0	0 0 0 0 0 0 0 0 
   344	   33 34 32 156 	4    1 0	0 0 0 0 0 0 0 0 
   345	  100 96 97 95 	4    1 0	0 0 0 0 0 0 0 0 
   346	  218 213 210 215 	4    1 0	0 0 0 0 0 0 0 0 
   347	  115 113 114 119 	4    1 0	0 0 0 0 0 0 0 0 
   348	  103 100 112 131 	4    1 0	0 0 0 0 0 0 0 0 
   349	  126 119 114 117 	4    1 0	0 0 0 0 0 0 0 0 
   350	  134 127 126 117 	4    1 0	0 0 0 0 0 0 0 0 
   351	  139 127 134 138 	4    1 0	0 0 0 0 0 0 0 0 
   352	  220 164 139 138 	4    1 0	0 0 0 0 0 0 0 0 
   353	  212 164 220 214 	4    1 0	0 0 0 0 0 0 0 0 
   354	  219 213 212 214 	4    1 0	0 0 0 0 0 0 0 0 
   355	  220 224 219 214 	4    1 0	0 0 0 0 0 0 0 0 
   356	  222 224 220 225 	4    1 0	0 0 0 0 0 0 0 0 
   357	  223 229 222 225 	4    1 0	0 0 0 0 0 0 0 0 
   358	  234 229 223 231 	4    1 0	0 0 0 0 0 0 0 0 
   359	  235 242 234 231 	4    1 0	0 0 0 0 0 0 0 0 
   360	  101 100 96 103 	4    1 0	0 0 0 10 0 0 0 5 
   361	  110 102 101 131 	4    1 0	0 0 0 0 0 0 0 0 
   362	  108 102 110 130 	4    1 0	0 0 0 0 0 0 0 0 
   363	  134 109 108 130 	4    1 0	0 0 0 0 0 0 0 0 
   364	  114 109 134 117 	4    1 0	0 0 0 0 0 0 0 0 
   365	  143 144 235 231 	4    1 0	0 0 0 0 0 0 0 0 
   366	  112 144 143 131 	4    1 0	0 0 0 0 0 0 0 0 
   367	  220 138 134 141 	4    1 0	0 0 0 0 0 0 0 0 
   368	  103 131 101 100 	4    1 0	0 0 0 0 0 0 0 0 
   369	  143 231 223 146 	4    1 0	0 0 0 0 0 0 0 0 
   370	  142 141 134 130 	4    1 0	0 0 0 0 0 0 0 0 
   371	  220 141 142 225 	4    1 0	0 0 0 0 0 0 0 0 
   372	  223 225 142 146 	4    1 0	0 0 0 0 0 0 0 0 
   373	  142 130 110 131 	4    1 0	0 0 0 0 0 0 0 0 
   374	  143 146 142 131 	4    1 0	0 0 0 0 0 0 0 0 
   375	  176 173 178 179 	4    1 0	0 0 0 0 0 0 0 0 
   376	  157 42 172 173 	4    1 0	0 0 0 0 0 0 0 0 
   377	   24 23 41 42 	4    1 0	0 0 0 0 0 0 0 0 
   378	   13 12 15 23 	4    1 0	0 0 0 0 0 0 0 0 
   379	   12 4 5 2 	4    1 0	0 0 0 0 0 0 0 0 
   380	   12 5 4 7 	4    1 0	0 0 0 0 0 0 0 0 
   381	    8 44 16 7 	4    1 0	0 0 0 0 0 0 0 0 
   382	   45 78 57 44 	4    1 0	0 0 0 0 0 0 0 0 
   383	   80 113 121 78 	4    1 0	0 0 0 0 0 0 0 0 
   384	  111 113 115 120 	4    1 0	0 0 0 0 0 0 0 0 
   385	  115 119 120 113 	4    1 0	0 0 0 0 0 0 0 0 
   386	  126 127 123 119 	4    1 0	0 0 0 0 0 0 0 0 
   387	  139 164 129 127 	4    1 0	0 0 0 0 0 0 0 0 
   388	  212 213 195 164 	4    1 0	0 0 0 0 0 0 0 0 
   389	  215 210 209 213 	4    1 0	0 0 0 0 0 0 0 0 
   390	  210 205 209 213 	4    1 0	0 0 0 0 0 0 0 0 
   391	  205 201 206 207 	4    1 0	0 0 0 0 0 0 0 0 
   392	  198 194 197 201 	4    1 0	0 0 0 0 0 0 0 0 
   393	  184 194 187 193 	4    1 0	0 0 0 0 0 0 0 0 
   394	  178 184 179 173 	4    1 0	0 0 0 0 0 0 0 0 
   395	  172 184 173 181 	4    1 0	0 0 0 0 0 0 0 0 
   396	   26 23 15 12 	4    1 0	0 0 0 0 0 0 0 0 
   397	   23 27 41 42 	4    1 0	0 0 0 0 0 0 0 0 
   398	   16 12 7 26 	4    1 0	0 0 0 0 0 0 0 0 
   399	   57 56 44 65 	4    1 0	0 0 0 0 0 0 0 0 
   400	   26 44 16 56 	4    1 0	0 0 0 0 0 0 0 0 
   401	  118 78 121 113 	4    1 0	0 0 0 0 0 0 0 0 
   402	   78 65 57 44 	4    1 0	0 0 0 0 0 0 0 0 
   403	  113 119 121 118 	4    1 0	0 0 0 0 0 0 0 0 
   404	  129 125 127 164 	4    1 0	0 0 0 0 0 0 0 0 
   405	  118 127 123 125 	4    1 0	0 0 0 0 0 0 0 0 
   406	  213 205 195 192 	4    1 0	0 0 0 0 0 0 0 0 
   407	  186 185 184 181 	4    1 0	0 0 0 0 0 0 0 0 
   408	  194 185 197 201 	4    1 0	0 0 0 0 0 0 0 0 
   409	  185 186 184 194 	4    1 0	0 0 0 0 0 0 0 0 
   410	   41 59 42 27 	4    1 0	0 0 0 0 0 0 0 0 
   411	   42 59 69 181 	4    1 0	0 0 0 0 0 0 0 0 
   412	   42 181 172 173 	4    1 0	0 0 0 0 0 0 0 0 
   413	   23 26 15 27 	4    1 0	0 0 0 0 0 0 0 0 
   414	   27 26 58 59 	4    1 0	0 0 0 0 0 0 0 0 
   415	   57 60 56 65 	4    1 0	0 0 0 0 0 0 0 0 
   416	   56 60 58 61 	4    1 0	0 0 0 0 0 0 0 0 
   417	   58 26 56 59 	4    1 0	0 0 0 0 0 0 0 0 
   418	   44 26 16 7 	4    1 0	0 0 0 0 0 0 0 0 
   419	   78 118 121 65 	4    1 0	0 0 0 0 0 0 0 0 
   420	   65 118 122 74 	4    1 0	0 0 0 0 0 0 0 0 
   421	  122 60 65 74 	4    1 0	0 0 0 0 0 0 0 0 
   422	  127 118 123 119 	4    1 0	0 0 0 0 0 0 0 0 
   423	  122 118 125 74 	4    1 0	0 0 0 0 0 0 0 0 
   424	  195 192 164 213 	4    1 0	0 0 0 0 0 0 0 0 
   425	  164 192 163 161 	4    1 0	0 0 0 0 0 0 0 0 
   426	  164 161 129 125 	4    1 0	0 0 0 0 0 0 0 0 
   427	  199 192 205 201 	4    1 0	0 0 0 0 0 0 0 0 
   428	  201 185 183 182 	4    1 0	0 0 0 0 0 0 0 0 
   429	  183 192 201 182 	4    1 0	0 0 0 0 0 0 0 0 
   430	  183 185 181 182 	4    1 0	0 0 0 0 0 0 0 0 
   431	  122 61 60 74 	4    1 0	0 0 0 0 0 0 0 0 
   432	  125 161 122 74 	4    1 0	0 0 0 0 0 0 0 0 
   433	  183 161 192 182 	4    1 0	0 0 0 0 0 0 0 0 
   434	   58 61 59 56 	4    1 0	0 0 0 0 0 0 0 0 
   435	   59 61 70 161 	4    1 0	0 0 0 0 0 0 0 0 
   436	   70 181 59 161 	4    1 0	0 0 0 0 0 0 0 0 
   437	  122 161 61 74 	4    1 0	0 0 0 0 0 0 0 0 
   438	  183 181 161 182 	4    1 0	0 0 0 0 0 0 0 0 
   439	  219 224 218 214 	4    1 0	0 0 0 0 0 0 0 0 
   440	  222 229 228 224 	4    1 0	0 0 0 0 0 0 0 0 
   441	  234 242 245 229 	4    1 0	0 0 0 0 0 0 0 0 
   442	  180 170 168 167 	4    1 0	0 0 0 0 0 0 0 0 
   443	  218 213 219 214 	4    1 0	0 0 0 0 0 0 0 0 
   444	  230 242 245 237 	4    1 0	0 0 0 0 0 0 0 0 
   445	  229 230 228 224 	4    1 0	0 0 0 0 0 0 0 0 
   446	  242 244 245 237 	4    1 0	0 0 0 0 0 0 0 0 
   447	  168 173 180 167 	4    1 0	0 0 0 0 0 0 0 0 
   448	  214 218 204 224 	4    1 0	0 0 0 0 0 0 0 0 
   449	  205 204 206 201 	4    1 0	0 0 0 0 0 0 0 0 
   450	  205 213 218 214 	4    1 0	0 0 0 0 0 0 0 0 
   451	  228 227 224 230 	4    1 0	0 0 0 0 0 0 0 0 
   452	  224 227 217 204 	4    1 0	0 0 0 0 0 0 0 0 
   453	  230 245 242 229 	4    1 0	0 0 0 0 0 0 0 0 
   454	  230 237 238 227 	4    1 0	0 0 0 0 0 0 0 0 
   455	  243 237 244 236 	4    1 0	0 0 0 0 0 0 0 0 
   456	  238 237 236 227 	4    1 0	0 0 0 0 0 0 0 0 
   457	  180 189 170 167 	4    1 0	0 0 0 0 0 0 0 0 
   458	  170 189 190 191 	4    1 0	0 0 0 0 0 0 0 0 
   459	  193 189 184 194 	4    1 0	0 0 0 0 0 0 0 0 
   460	  184 189 180 167 	4    1 0	0 0 0 0 0 0 0 0 
   461	  180 173 184 167 	4    1 0	0 0 0 0 0 0 0 0 
   462	  189 201 202 188 	4    1 0	0 0 0 0 0 0 0 0 
   463	  202 193 194 189 	4    1 0	0 0 0 0 0 0 0 0 
   464	  202 201 204 188 	4    1 0	0 0 0 0 0 0 0 0 
   465	  191 189 202 188 	4    1 0	0 0 0 0 0 0 0 0 
   466	  203 204 227 191 	4    1 0	0 0 0 0 0 0 0 0 
   467	  204 191 203 202 	4    1 0	0 0 0 0 0 0 0 0 
   468	  114 113 107 109 	4    1 0	0 0 0 0 0 0 0 0 
   469	  108 109 105 102 	4    1 0	0 0 0 0 0 0 0 0 
   470	  101 102 92 95 	4    1 0	0 0 0 0 0 0 0 0 
   471	   20 30 29 19 	4    1 0	0 0 0 0 0 0 0 0 
   472	   11 19 9 12 	4    1 0	0 0 0 0 0 0 0 0 
   473	  107 88 109 113 	4    1 0	0 0 0 0 0 0 0 0 
   474	  109 88 105 102 	4    1 0	0 0 0 0 0 0 0 0 
   475	   29 31 19 30 	4    1 0	0 0 0 0 0 0 0 0 
   476	   12 9 31 19 	4    1 0	0 0 0 0 0 0 0 0 
   477	    9 12 5 2 	4    1 0	0 0 0 0 0 0 0 0 
   478	    7 31 8 44 	4    1 0	0 0 0 0 0 0 0 0 
   479	   44 31 47 54 	4    1 0	0 0 0 0 0 0 0 0 
   480	   44 54 45 78 	4    1 0	0 0 0 0 0 0 0 0 
   481	   79 81 78 88 	4    1 0	0 0 0 0 0 0 0 0 
   482	   78 88 80 113 	4    1 0	0 0 0 0 0 0 0 0 
   483	  105 82 102 88 	4    1 0	0 0 0 0 0 0 0 0 
   484	  102 82 83 84 	4    1 0	0 0 0 0 0 0 0 0 
   485	  102 84 92 95 	4    1 0	0 0 0 0 0 0 0 0 
   486	   30 51 49 48 	4    1 0	0 0 0 0 0 0 0 0 
   487	   30 48 29 31 	4    1 0	0 0 0 0 0 0 0 0 
   488	   48 53 47 54 	4    1 0	0 0 0 0 0 0 0 0 
   489	   79 88 82 81 	4    1 0	0 0 0 0 0 0 0 0 
   490	   83 73 84 82 	4    1 0	0 0 0 0 0 0 0 0 
   491	   31 48 47 54 	4    1 0	0 0 0 0 0 0 0 0 
   492	   73 82 66 51 	4    1 0	0 0 0 0 0 0 0 0 
   493	   53 48 50 82 	4    1 0	0 0 0 0 0 0 0 0 
   494	   48 51 50 82 	4    1 0	0 0 0 0 0 0 0 0 
   495	  168 156 173 167 	4    1 0	0 0 0 0 0 0 0 0 
   496	  173 156 157 42 	4    1 0	0 0 0 0 0 0 0 0 
   497	  170 154 155 156 	4    1 0	0 0 0 0 0 0 0 0 
   498	  170 156 168 167 	4    1 0	0 0 0 0 0 0 0 0 
   499	   20 35 30 19 	4    1 0	0 0 0 0 0 0 0 0 
   500	   12 19 25 13 	4    1 0	0 0 0 0 0 0 0 0 
   501	   19 25 21 35 	4    1 0	0 0 0 0 0 0 0 0 
   502	   13 25 12 23 	4    1 0	0 0 0 0 0 0 0 0 
   503	   23 42 32 34 	4    1 0	0 0 0 0 0 0 0 0 
   504	   25 23 13 21 	4    1 0	0 0 0 0 0 0 0 0 
   505	   32 42 156 34 	4    1 0	0 0 0 0 0 0 0 0 
   506	   25 34 21 35 	4    1 0	0 0 0 0 0 0 0 0 
   507	  154 37 33 36 	4    1 0	0 0 0 0 0 0 0 0 
   508	   33 156 154 36 	4    1 0	0 0 0 0 0 0 0 0 
   509	   37 35 33 36 	4    1 0	0 0 0 0 0 0 0 0 
   510	   35 34 33 36 	4    1 0	0 0 0 0 0 0 0 0 
   511	   34 156 33 36 	4    1 0	0 0 0 0 0 0 0 0 
   512	  112 100 144 131 	4    1 0	0 0 0 0 0 0 0 0 
   513	  113 114 117 109 	4    1 0	0 0 0 0 0 0 0 0 
   514	  119 117 126 127 	4    1 0	0 0 0 0 0 0 0 0 
   515	  127 117 134 138 	4    1 0	0 0 0 0 0 0 0 0 
   516	  127 138 139 164 	4    1 0	0 0 0 0 0 0 0 0 
   517	  164 138 220 214 	4    1 0	0 0 0 0 0 0 0 0 
   518	  164 214 212 213 	4    1 0	0 0 0 0 0 0 0 0 
   519	  224 214 220 225 	4    1 0	0 0 0 0 0 0 0 0 
   520	  224 225 222 229 	4    1 0	0 0 0 0 0 0 0 0 
   521	  229 225 223 231 	4    1 0	0 0 0 0 0 0 0 0 
   522	  229 231 234 242 	4    1 0	0 0 0 0 0 0 0 0 
   523	  131 101 95 102 	4    1 0	0 0 0 0 0 0 0 0 
   524	  101 131 95 100 	4    1 0	0 0 0 0 0 0 0 0 
   525	  102 131 110 130 	4    1 0	0 0 0 0 0 0 0 0 
   526	  102 130 108 109 	4    1 0	0 0 0 0 0 0 0 0 
   527	  109 130 134 117 	4    1 0	0 0 0 0 0 0 0 0 
   528	  144 231 143 146 	4    1 0	0 0 0 0 0 0 0 0 
   529	  143 131 144 146 	4    1 0	0 0 0 0 0 0 0 0 
   530	  130 138 134 117 	4    1 0	0 0 0 0 0 0 0 0 
   531	  138 141 220 214 	4    1 0	0 0 0 0 0 0 0 0 
   532	  223 146 231 225 	4    1 0	0 0 0 0 0 0 0 0 
   533	  138 130 134 141 	4    1 0	0 0 0 0 0 0 0 0 
   534	  141 130 142 146 	4    1 0	0 0 0 0 0 0 0 0 
   535	  142 225 141 146 	4    1 0	0 0 0 0 0 0 0 0 
   536	  141 225 220 214 	4    1 0	0 0 0 0 0 0 0 0 
   537	  130 131 142 146 	4    1 0	0 0 0 0 0 0 0 0 
   538	  173 181 184 167 	4    1 0	0 0 0 0 0 0 0 0 
   539	   27 42 23 34 	4    1 0	0 0 0 0 0 0 0 0 
   540	   31 12 26 7 	4    1 0	0 0 0 0 0 0 0 0 
   541	   44 65 56 54 	4    1 0	0 0 0 0 0 0 0 0 
   542	   65 44 78 54 	4    1 0	0 0 0 0 0 0 0 0 
   543	  119 118 113 117 	4    1 0	0 0 0 0 0 0 0 0 
   544	  127 164 125 138 	4    1 0	0 0 0 0 0 0 0 0 
   545	  205 192 213 214 	4    1 0	0 0 0 0 0 0 0 0 
   546	  185 184 189 194 	4    1 0	0 0 0 0 0 0 0 0 
   547	  189 185 194 201 	4    1 0	0 0 0 0 0 0 0 0 
   548	  185 189 184 181 	4    1 0	0 0 0 0 0 0 0 0 
   549	   42 27 59 43 	4    1 0	0 0 0 0 0 0 0 0 
   550	   59 181 42 43 	4    1 0	0 0 0 0 0 0 0 0 
   551	   59 27 55 43 	4    1 0	0 0 0 0 0 0 0 0 
   552	   56 65 60 62 	4    1 0	0 0 0 0 0 0 0 0 
   553	   60 61 56 62 	4    1 0	0 0 0 0 0 0 0 0 
   554	   56 59 26 55 	4    1 0	0 0 0 0 0 0 0 0 
   555	  118 74 65 79 	4    1 0	0 0 0 0 0 0 0 0 
   556	   65 74 60 62 	4    1 0	0 0 0 0 0 0 0 0 
   557	  138 118 74 125 	4    1 0	0 0 0 0 0 0 0 0 
   558	  164 213 192 214 	4    1 0	0 0 0 0 0 0 0 0 
   559	  192 161 164 162 	4    1 0	0 0 0 0 0 0 0 0 
   560	  161 125 164 162 	4    1 0	0 0 0 0 0 0 0 0 
   561	  205 201 192 204 	4    1 0	0 0 0 0 0 0 0 0 
   562	  188 201 182 185 	4    1 0	0 0 0 0 0 0 0 0 
   563	  201 182 192 204 	4    1 0	0 0 0 0 0 0 0 0 
   564	  181 182 185 188 	4    1 0	0 0 0 0 0 0 0 0 
   565	   60 74 61 62 	4    1 0	0 0 0 0 0 0 0 0 
   566	  161 74 125 162 	4    1 0	0 0 0 0 0 0 0 0 
   567	  192 182 161 162 	4    1 0	0 0 0 0 0 0 0 0 
   568	   59 56 61 55 	4    1 0	0 0 0 0 0 0 0 0 
   569	   61 161 59 68 	4    1 0	0 0 0 0 0 0 0 0 
   570	   61 74 161 68 	4    1 0	0 0 0 0 0 0 0 0 
   571	  232 144 133 145 	4    1 0	0 0 0 0 0 0 0 0 
   572	  144 100 133 131 	4    1 0	0 0 0 0 0 0 0 0 
   573	  133 100 98 131 	4    1 0	0 0 0 0 0 0 0 0 
   574	   84 98 95 87 	4    1 0	0 0 0 0 0 0 0 0 
   575	  230 224 229 225 	4    1 0	0 0 0 0 0 0 0 0 
   576	  242 237 232 244 	4    1 0	0 0 0 0 0 0 0 0 
   577	  218 214 204 205 	4    1 0	0 0 0 0 0 0 0 0 
   578	  224 230 227 225 	4    1 0	0 0 0 0 0 0 0 0 
   579	  227 204 224 166 	4    1 0	0 0 0 0 0 0 0 0 
   580	  237 227 230 226 	4    1 0	0 0 0 0 0 0 0 0 
   581	  244 236 237 232 	4    1 0	0 0 0 0 0 0 0 0 
   582	  236 227 237 226 	4    1 0	0 0 0 0 0 0 0 0 
   583	  167 170 159 189 	4    1 0	0 0 0 0 0 0 0 0 
   584	  189 191 170 159 	4    1 0	0 0 0 0 0 0 0 0 
   585	  189 167 184 181 	4    1 0	0 0 0 0 0 0 0 0 
   586	  185 189 188 201 	4    1 0	0 0 0 0 0 0 0 0 
   587	  188 191 189 159 	4    1 0	0 0 0 0 0 0 0 0 
   588	  236 227 226 153 	4    1 0	0 0 0 0 0 0 0 0 
   589	  227 191 204 165 	4    1 0	0 0 0 0 0 0 0 0 
   590	  188 204 191 165 	4    1 0	0 0 0 0 0 0 0 0 
   591	    9 12 31 7 	4    1 0	0 0 0 0 0 0 0 0 
   592	  109 113 88 117 	4    1 0	0 0 0 0 0 0 0 0 
   593	   88 102 109 130 	4    1 0	0 0 0 0 0 0 0 0 
   594	   19 30 31 35 	4    1 0	0 0 0 0 0 0 0 0 
   595	   31 44 7 26 	4    1 0	0 0 0 0 0 0 0 0 
   596	   26 44 56 54 	4    1 0	0 0 0 0 0 0 0 0 
   597	   81 79 78 54 	4    1 0	0 0 0 0 0 0 0 0 
   598	   88 113 78 79 	4    1 0	0 0 0 0 0 0 0 0 
   599	  102 88 82 130 	4    1 0	0 0 0 0 0 0 0 0 
   600	   82 84 102 86 	4    1 0	0 0 0 0 0 0 0 0 
   601	   84 95 102 87 	4    1 0	0 0 0 0 0 0 0 0 
   602	   51 48 30 39 	4    1 0	0 0 0 0 0 0 0 0 
   603	   48 31 30 39 	4    1 0	0 0 0 0 0 0 0 0 
   604	   54 48 53 63 	4    1 0	0 0 0 0 0 0 0 0 
   605	   53 79 82 81 	4    1 0	0 0 0 0 0 0 0 0 
   606	   84 82 73 77 	4    1 0	0 0 0 0 0 0 0 0 
   607	   48 54 31 63 	4    1 0	0 0 0 0 0 0 0 0 
   608	   73 64 82 51 	4    1 0	0 0 0 0 0 0 0 0 
   609	   48 82 53 63 	4    1 0	0 0 0 0 0 0 0 0 
   610	   51 82 48 64 	4    1 0	0 0 0 0 0 0 0 0 
   611	  181 173 156 167 	4    1 0	0 0 0 0 0 0 0 0 
   612	  154 156 170 159 	4    1 0	0 0 0 0 0 0 0 0 
   613	   12 31 25 19 	4    1 0	0 0 0 0 0 0 0 0 
   614	   25 35 19 31 	4    1 0	0 0 0 0 0 0 0 0 
   615	   12 23 25 26 	4    1 0	0 0 0 0 0 0 0 0 
   616	   26 23 34 27 	4    1 0	0 0 0 0 0 0 0 0 
   617	  156 34 42 43 	4    1 0	0 0 0 0 0 0 0 0 
   618	   34 35 25 55 	4    1 0	0 0 0 0 0 0 0 0 
   619	   37 36 154 148 	4    1 0	0 0 0 0 0 0 0 0 
   620	  154 36 156 159 	4    1 0	0 0 0 0 0 0 0 0 
   621	   35 36 37 38 	4    1 0	0 0 0 0 0 0 0 0 
   622	   34 36 35 38 	4    1 0	0 0 0 0 0 0 0 0 
   623	  156 36 34 43 	4    1 0	0 0 0 0 0 0 0 0 
   624	  114 113 117 119 	4    1 0	0 0 0 0 0 0 0 0 
   625	  232 242 231 237 	4    1 0	0 0 0 0 0 0 0 0 
   626	  117 127 119 118 	4    1 0	0 0 0 0 0 0 0 0 
   627	  118 127 125 138 	4    1 0	0 0 0 0 0 0 0 0 
   628	  138 214 164 162 	4    1 0	0 0 0 0 0 0 0 0 
   629	  214 225 224 166 	4    1 0	0 0 0 0 0 0 0 0 
   630	  225 231 229 230 	4    1 0	0 0 0 0 0 0 0 0 
   631	  230 231 229 242 	4    1 0	0 0 0 0 0 0 0 0 
   632	  131 95 98 87 	4    1 0	0 0 0 0 0 0 0 0 
   633	  131 95 87 102 	4    1 0	0 0 0 0 0 0 0 0 
   634	  131 130 102 86 	4    1 0	0 0 0 0 0 0 0 0 
   635	  130 117 109 88 	4    1 0	0 0 0 0 0 0 0 0 
   636	  231 146 144 145 	4    1 0	0 0 0 0 0 0 0 0 
   637	  144 146 131 145 	4    1 0	0 0 0 0 0 0 0 0 
   638	  138 117 130 79 	4    1 0	0 0 0 0 0 0 0 0 
   639	  141 214 138 162 	4    1 0	0 0 0 0 0 0 0 0 
   640	  231 225 146 226 	4    1 0	0 0 0 0 0 0 0 0 
   641	  130 146 141 135 	4    1 0	0 0 0 0 0 0 0 0 
   642	  141 146 225 152 	4    1 0	0 0 0 0 0 0 0 0 
   643	  225 214 141 162 	4    1 0	0 0 0 0 0 0 0 0 
   644	  131 146 130 135 	4    1 0	0 0 0 0 0 0 0 0 
   645	   42 34 27 43 	4    1 0	0 0 0 0 0 0 0 0 
   646	   12 31 26 25 	4    1 0	0 0 0 0 0 0 0 0 
   647	   56 54 65 62 	4    1 0	0 0 0 0 0 0 0 0 
   648	   44 26 31 54 	4    1 0	0 0 0 0 0 0 0 0 
   649	   78 118 65 79 	4    1 0	0 0 0 0 0 0 0 0 
   650	  113 118 78 79 	4    1 0	0 0 0 0 0 0 0 0 
   651	   65 54 78 79 	4    1 0	0 0 0 0 0 0 0 0 
   652	  113 117 118 79 	4    1 0	0 0 0 0 0 0 0 0 
   653	  125 138 164 162 	4    1 0	0 0 0 0 0 0 0 0 
   654	  127 118 117 138 	4    1 0	0 0 0 0 0 0 0 0 
   655	  192 214 205 204 	4    1 0	0 0 0 0 0 0 0 0 
   656	  185 189 181 188 	4    1 0	0 0 0 0 0 0 0 0 
   657	   42 43 181 156 	4    1 0	0 0 0 0 0 0 0 0 
   658	  181 43 59 160 	4    1 0	0 0 0 0 0 0 0 0 
   659	  173 181 156 42 	4    1 0	0 0 0 0 0 0 0 0 
   660	   27 55 34 26 	4    1 0	0 0 0 0 0 0 0 0 
   661	   27 59 55 26 	4    1 0	0 0 0 0 0 0 0 0 
   662	   56 62 61 55 	4    1 0	0 0 0 0 0 0 0 0 
   663	   26 55 54 56 	4    1 0	0 0 0 0 0 0 0 0 
   664	   65 79 74 62 	4    1 0	0 0 0 0 0 0 0 0 
   665	  118 138 74 79 	4    1 0	0 0 0 0 0 0 0 0 
   666	  164 214 192 162 	4    1 0	0 0 0 0 0 0 0 0 
   667	  201 188 182 204 	4    1 0	0 0 0 0 0 0 0 0 
   668	  192 204 182 166 	4    1 0	0 0 0 0 0 0 0 0 
   669	  182 188 181 160 	4    1 0	0 0 0 0 0 0 0 0 
   670	   61 62 74 68 	4    1 0	0 0 0 0 0 0 0 0 
   671	  125 162 74 138 	4    1 0	0 0 0 0 0 0 0 0 
   672	   74 162 161 68 	4    1 0	0 0 0 0 0 0 0 0 
   673	  160 162 161 182 	4    1 0	0 0 0 0 0 0 0 0 
   674	  182 162 192 166 	4    1 0	0 0 0 0 0 0 0 0 
   675	   59 55 61 68 	4    1 0	0 0 0 0 0 0 0 0 
   676	   59 68 161 160 	4    1 0	0 0 0 0 0 0 0 0 
   677	  161 181 160 182 	4    1 0	0 0 0 0 0 0 0 0 
   678	  181 161 160 59 	4    1 0	0 0 0 0 0 0 0 0 
   679	  133 153 232 145 	4    1 0	0 0 0 0 0 0 0 0 
   680	   98 132 133 131 	4    1 0	0 0 0 0 0 0 0 0 
   681	  232 231 144 145 	4    1 0	0 0 0 0 0 0 0 0 
   682	  133 145 144 131 	4    1 0	0 0 0 0 0 0 0 0 
   683	   95 131 98 100 	4    1 0	0 0 0 0 0 0 0 0 
   684	  231 230 237 242 	4    1 0	0 0 0 0 0 0 0 0 
   685	  204 214 224 166 	4    1 0	0 0 0 0 0 0 0 0 
   686	  227 225 230 226 	4    1 0	0 0 0 0 0 0 0 0 
   687	  224 225 227 166 	4    1 0	0 0 0 0 0 0 0 0 
   688	  204 166 227 165 	4    1 0	0 0 0 0 0 0 0 0 
   689	  237 226 230 231 	4    1 0	0 0 0 0 0 0 0 0 
   690	  237 232 236 226 	4    1 0	0 0 0 0 0 0 0 0 
   691	  181 167 156 159 	4    1 0	0 0 0 0 0 0 0 0 
   692	  167 159 170 156 	4    1 0	0 0 0 0 0 0 0 0 
   693	  188 159 189 181 	4    1 0	0 0 0 0 0 0 0 0 
   694	  191 159 188 165 	4    1 0	0 0 0 0 0 0 0 0 
   695	  227 151 191 165 	4    1 0	0 0 0 0 0 0 0 0 
   696	  204 165 188 182 	4    1 0	0 0 0 0 0 0 0 0 
   697	   88 117 113 79 	4    1 0	0 0 0 0 0 0 0 0 
   698	   31 35 30 39 	4    1 0	0 0 0 0 0 0 0 0 
   699	   77 84 87 98 	4    1 0	0 0 0 0 0 0 0 0 
   700	   26 54 55 31 	4    1 0	0 0 0 0 0 0 0 0 
   701	   54 55 31 63 	4    1 0	0 0 0 0 0 0 0 0 
   702	   82 130 88 79 	4    1 0	0 0 0 0 0 0 0 0 
   703	  102 130 82 86 	4    1 0	0 0 0 0 0 0 0 0 
   704	  102 86 84 87 	4    1 0	0 0 0 0 0 0 0 0 
   705	   84 86 82 77 	4    1 0	0 0 0 0 0 0 0 0 
   706	   64 51 39 48 	4    1 0	0 0 0 0 0 0 0 0 
   707	   31 39 48 63 	4    1 0	0 0 0 0 0 0 0 0 
   708	   52 73 64 77 	4    1 0	0 0 0 0 0 0 0 0 
   709	   63 54 79 53 	4    1 0	0 0 0 0 0 0 0 0 
   710	   82 79 53 63 	4    1 0	0 0 0 0 0 0 0 0 
   711	   73 82 64 77 	4    1 0	0 0 0 0 0 0 0 0 
   712	   82 63 48 64 	4    1 0	0 0 0 0 0 0 0 0 
   713	   35 31 25 55 	4    1 0	0 0 0 0 0 0 0 0 
   714	   23 26 34 25 	4    1 0	0 0 0 0 0 0 0 0 
   715	   34 55 25 26 	4    1 0	0 0 0 0 0 0 0 0 
   716	   35 55 34 38 	4    1 0	0 0 0 0 0 0 0 0 
   717	  154 148 36 159 	4    1 0	0 0 0 0 0 0 0 0 
   718	   36 148 37 38 	4    1 0	0 0 0 0 0 0 0 0 
   719	  156 159 36 43 	4    1 0	0 0 0 0 0 0 0 0 
   720	   36 38 34 43 	4    1 0	0 0 0 0 0 0 0 0 
   721	  118 138 79 117 	4    1 0	0 0 0 0 0 0 0 0 
   722	  225 166 214 162 	4    1 0	0 0 0 0 0 0 0 0 
   723	  231 230 225 226 	4    1 0	0 0 0 0 0 0 0 0 
   724	  102 87 131 86 	4    1 0	0 0 0 0 0 0 0 0 
   725	  130 86 131 135 	4    1 0	0 0 0 0 0 0 0 0 
   726	  117 88 130 79 	4    1 0	0 0 0 0 0 0 0 0 
   727	  146 145 231 226 	4    1 0	0 0 0 0 0 0 0 0 
   728	  135 138 141 130 	4    1 0	0 0 0 0 0 0 0 0 
   729	  141 162 138 135 	4    1 0	0 0 0 0 0 0 0 0 
   730	  146 226 225 152 	4    1 0	0 0 0 0 0 0 0 0 
   731	  130 138 75 135 	4    1 0	0 0 0 0 0 0 0 0 
   732	  141 135 146 152 	4    1 0	0 0 0 0 0 0 0 0 
   733	  141 152 225 162 	4    1 0	0 0 0 0 0 0 0 0 
   734	  145 131 135 146 	4    1 0	0 0 0 0 0 0 0 0 
   735	   25 31 26 55 	4    1 0	0 0 0 0 0 0 0 0 
   736	   65 62 54 79 	4    1 0	0 0 0 0 0 0 0 0 
   737	   54 62 56 55 	4    1 0	0 0 0 0 0 0 0 0 
   738	  214 204 192 166 	4    1 0	0 0 0 0 0 0 0 0 
   739	   59 160 43 68 	4    1 0	0 0 0 0 0 0 0 0 
   740	   27 34 55 43 	4    1 0	0 0 0 0 0 0 0 0 
   741	   43 55 59 68 	4    1 0	0 0 0 0 0 0 0 0 
   742	   61 55 62 68 	4    1 0	0 0 0 0 0 0 0 0 
   743	   75 62 74 79 	4    1 0	0 0 0 0 0 0 0 0 
   744	   79 138 74 75 	4    1 0	0 0 0 0 0 0 0 0 
   745	  192 162 214 166 	4    1 0	0 0 0 0 0 0 0 0 
   746	  182 166 204 165 	4    1 0	0 0 0 0 0 0 0 0 
   747	  181 160 188 159 	4    1 0	0 0 0 0 0 0 0 0 
   748	  188 160 182 165 	4    1 0	0 0 0 0 0 0 0 0 
   749	   74 138 162 75 	4    1 0	0 0 0 0 0 0 0 0 
   750	  162 68 74 75 	4    1 0	0 0 0 0 0 0 0 0 
   751	  162 160 161 68 	4    1 0	0 0 0 0 0 0 0 0 
   752	  162 166 182 165 	4    1 0	0 0 0 0 0 0 0 0 
   753	  232 153 236 226 	4    1 0	0 0 0 0 0 0 0 0 
   754	  232 145 153 226 	4    1 0	0 0 0 0 0 0 0 0 
   755	  153 145 133 132 	4    1 0	0 0 0 0 0 0 0 0 
   756	  133 131 132 145 	4    1 0	0 0 0 0 0 0 0 0 
   757	  132 131 98 87 	4    1 0	0 0 0 0 0 0 0 0 
   758	   98 77 132 87 	4    1 0	0 0 0 0 0 0 0 0 
   759	  226 232 231 237 	4    1 0	0 0 0 0 0 0 0 0 
   760	  152 227 225 166 	4    1 0	0 0 0 0 0 0 0 0 
   761	  232 226 231 145 	4    1 0	0 0 0 0 0 0 0 0 
   762	  227 153 152 226 	4    1 0	0 0 0 0 0 0 0 0 
   763	  167 181 189 159 	4    1 0	0 0 0 0 0 0 0 0 
   764	  165 150 191 159 	4    1 0	0 0 0 0 0 0 0 0 
   765	  188 165 159 160 	4    1 0	0 0 0 0 0 0 0 0 
   766	  165 191 150 151 	4    1 0	0 0 0 0 0 0 0 0 
   767	  152 151 227 165 	4    1 0	0 0 0 0 0 0 0 0 
   768	   35 63 39 31 	4    1 0	0 0 0 0 0 0 0 0 
   769	   84 77 87 86 	4    1 0	0 0 0 0 0 0 0 0 
   770	   35 55 63 31 	4    1 0	0 0 0 0 0 0 0 0 
   771	   55 63 54 62 	4    1 0	0 0 0 0 0 0 0 0 
   772	   82 77 86 76 	4    1 0	0 0 0 0 0 0 0 0 
   773	   51 64 39 52 	4    1 0	0 0 0 0 0 0 0 0 
   774	   48 63 39 64 	4    1 0	0 0 0 0 0 0 0 0 
   775	   35 39 63 38 	4    1 0	0 0 0 0 0 0 0 0 
   776	   73 52 64 51 	4    1 0	0 0 0 0 0 0 0 0 
   777	   54 63 79 62 	4    1 0	0 0 0 0 0 0 0 0 
   778	   79 63 82 76 	4    1 0	0 0 0 0 0 0 0 0 
   779	   82 64 77 76 	4    1 0	0 0 0 0 0 0 0 0 
   780	   63 64 82 76 	4    1 0	0 0 0 0 0 0 0 0 
   781	   55 35 63 38 	4    1 0	0 0 0 0 0 0 0 0 
   782	   34 38 55 43 	4    1 0	0 0 0 0 0 0 0 0 
   783	   36 159 148 43 	4    1 0	0 0 0 0 0 0 0 0 
   784	  148 38 36 43 	4    1 0	0 0 0 0 0 0 0 0 
   785	  181 43 159 156 	4    1 0	0 0 0 0 0 0 0 0 
   786	  166 162 225 152 	4    1 0	0 0 0 0 0 0 0 0 
   787	  131 86 87 132 	4    1 0	0 0 0 0 0 0 0 0 
   788	  131 135 86 132 	4    1 0	0 0 0 0 0 0 0 0 
   789	   86 135 130 76 	4    1 0	0 0 0 0 0 0 0 0 
   790	  145 226 146 152 	4    1 0	0 0 0 0 0 0 0 0 
   791	  131 145 135 132 	4    1 0	0 0 0 0 0 0 0 0 
   792	  130 75 138 79 	4    1 0	0 0 0 0 0 0 0 0 
   793	  138 135 162 75 	4    1 0	0 0 0 0 0 0 0 0 
   794	  162 135 141 152 	4    1 0	0 0 0 0 0 0 0 0 
   795	  227 152 225 226 	4    1 0	0 0 0 0 0 0 0 0 
   796	   76 130 79 75 	4    1 0	0 0 0 0 0 0 0 0 
   797	  146 152 135 145 	4    1 0	0 0 0 0 0 0 0 0 
   798	   43 181 159 160 	4    1 0	0 0 0 0 0 0 0 0 
   799	   43 68 160 67 	4    1 0	0 0 0 0 0 0 0 0 
   800	   55 68 43 67 	4    1 0	0 0 0 0 0 0 0 0 
   801	   62 68 55 63 	4    1 0	0 0 0 0 0 0 0 0 
   802	   62 75 74 68 	4    1 0	0 0 0 0 0 0 0 0 
   803	  182 165 160 162 	4    1 0	0 0 0 0 0 0 0 0 
   804	   68 75 162 149 	4    1 0	0 0 0 0 0 0 0 0 
   805	  162 160 68 149 	4    1 0	0 0 0 0 0 0 0 0 
   806	  153 132 147 137 	4    1 0	0 0 0 0 0 0 0 0 
   807	  147 132 72 137 	4    1 0	0 0 0 0 0 0 0 0 
   808	  132 77 72 71 	4    1 0	0 0 0 0 0 0 0 0 
   809	   52 39 72 64 	4    1 0	0 0 0 0 0 0 0 0 
   810	  152 153 145 226 	4    1 0	0 0 0 0 0 0 0 0 
   811	  145 132 153 136 	4    1 0	0 0 0 0 0 0 0 0 
   812	  132 87 77 86 	4    1 0	0 0 0 0 0 0 0 0 
   813	  152 227 166 165 	4    1 0	0 0 0 0 0 0 0 0 
   814	  136 153 151 137 	4    1 0	0 0 0 0 0 0 0 0 
   815	  165 148 151 150 	4    1 0	0 0 0 0 0 0 0 0 
   816	  159 160 165 148 	4    1 0	0 0 0 0 0 0 0 0 
   817	  148 165 159 150 	4    1 0	0 0 0 0 0 0 0 0 
   818	  153 227 152 151 	4    1 0	0 0 0 0 0 0 0 0 
   819	   55 38 63 67 	4    1 0	0 0 0 0 0 0 0 0 
   820	  130 82 76 79 	4    1 0	0 0 0 0 0 0 0 0 
   821	   82 130 76 86 	4    1 0	0 0 0 0 0 0 0 0 
   822	   86 76 77 132 	4    1 0	0 0 0 0 0 0 0 0 
   823	   39 64 63 38 	4    1 0	0 0 0 0 0 0 0 0 
   824	   72 77 64 71 	4    1 0	0 0 0 0 0 0 0 0 
   825	   77 76 64 71 	4    1 0	0 0 0 0 0 0 0 0 
   826	   67 76 64 63 	4    1 0	0 0 0 0 0 0 0 0 
   827	   39 38 72 64 	4    1 0	0 0 0 0 0 0 0 0 
   828	   72 38 148 67 	4    1 0	0 0 0 0 0 0 0 0 
   829	   55 43 38 67 	4    1 0	0 0 0 0 0 0 0 0 
   830	   38 43 148 67 	4    1 0	0 0 0 0 0 0 0 0 
   831	  148 43 160 67 	4    1 0	0 0 0 0 0 0 0 0 
   832	  165 162 152 149 	4    1 0	0 0 0 0 0 0 0 0 
   833	   86 132 135 76 	4    1 0	0 0 0 0 0 0 0 0 
   834	  153 152 145 136 	4    1 0	0 0 0 0 0 0 0 0 
   835	  145 135 132 136 	4    1 0	0 0 0 0 0 0 0 0 
   836	  130 76 135 75 	4    1 0	0 0 0 0 0 0 0 0 
   837	  135 145 152 136 	4    1 0	0 0 0 0 0 0 0 0 
   838	  160 67 68 149 	4    1 0	0 0 0 0 0 0 0 0 
   839	   68 67 55 63 	4    1 0	0 0 0 0 0 0 0 0 
   840	   68 63 62 75 	4    1 0	0 0 0 0 0 0 0 0 
   841	   63 79 75 76 	4    1 0	0 0 0 0 0 0 0 0 
   842	  160 162 165 149 	4    1 0	0 0 0 0 0 0 0 0 
   843	  135 162 149 152 	4    1 0	0 0 0 0 0 0 0 0 
   844	   75 67 149 68 	4    1 0	0 0 0 0 0 0 0 0 
   845	  162 165 152 166 	4    1 0	0 0 0 0 0 0 0 0 
   846	  153 137 147 151 	4    1 0	0 0 0 0 0 0 0 0 
   847	  132 137 153 136 	4    1 0	0 0 0 0 0 0 0 0 
   848	   72 137 132 71 	4    1 0	0 0 0 0 0 0 0 0 
   849	   72 148 147 137 	4    1 0	0 0 0 0 0 0 0 0 
   850	   77 71 132 76 	4    1 0	0 0 0 0 0 0 0 0 
   851	   77 72 64 52 	4    1 0	0 0 0 0 0 0 0 0 
   852	  153 152 136 151 	4    1 0	0 0 0 0 0 0 0 0 
   853	  148 151 147 137 	4    1 0	0 0 0 0 0 0 0 0 
   854	  149 160 67 148 	4    1 0	0 0 0 0 0 0 0 0 
   855	   43 148 160 159 	4    1 0	0 0 0 0 0 0 0 0 
   856	  165 152 151 149 	4    1 0	0 0 0 0 0 0 0 0 
   857	   63 67 38 64 	4    1 0	0 0 0 0 0 0 0 0 
   858	   79 63 75 62 	4    1 0	0 0 0 0 0 0 0 0 
   859	   76 67 64 71 	4    1 0	0 0 0 0 0 0 0 0 
   860	   67 72 64 71 	4    1 0	0 0 0 0 0 0 0 0 
   861	   67 72 137 148 	4    1 0	0 0 0 0 0 0 0 0 
   862	   76 132 136 71 	4    1 0	0 0 0 0 0 0 0 0 
   863	   75 76 135 149 	4    1 0	0 0 0 0 0 0 0 0 
   864	  162 135 149 75 	4    1 0	0 0 0 0 0 0 0 0 
   865	  135 136 152 149 	4    1 0	0 0 0 0 0 0 0 0 
   866	   75 149 67 76 	4    1 0	0 0 0 0 0 0 0 0 
   867	  160 149 165 148 	4    1 0	0 0 0 0 0 0 0 0 
   868	   75 63 67 68 	4    1 0	0 0 0 0 0 0 0 0 
   869	   63 75 67 76 	4    1 0	0 0 0 0 0 0 0 0 
   870	  137 136 132 71 	4    1 0	0 0 0 0 0 0 0 0 
   871	  151 136 137 149 	4    1 0	0 0 0 0 0 0 0 0 
   872	  149 148 151 165 	4    1 0	0 0 0 0 0 0 0 0 
   873	  149 148 137 151 	4    1 0	0 0 0 0 0 0 0 0 
   874	  152 136 151 149 	4    1 0	0 0 0 0 0 0 0 0 
   875	  148 149 137 67 	4    1 0	0 0 0 0 0 0 0 0 
   876	   72 67 64 38 	4    1 0	0 0 0 0 0 0 0 0 
   877	   76 67 71 149 	4    1 0	0 0 0 0 0 0 0 0 
   878	   72 67 137 71 	4    1 0	0 0 0 0 0 0 0 0 
   879	  132 76 136 135 	4    1 0	0 0 0 0 0 0 0 0 
   880	  135 149 76 136 	4    1 0	0 0 0 0 0 0 0 0 
   881	  136 71 137 149 	4    1 0	0 0 0 0 0 0 0 0 
   882	   71 149 67 137 	4    1 0	0 0 0 0 0 0 0 0 
   883	   76 149 71 136 	4    1 0	0 0 0 0 0 0 0 0 
   884	   79 53 54 81 	4    1 0	0 0 0 0 0 0 0 0 

     0 0 0 0 0
     1 0 0 0 0
     2 0 0 0 0
     3 0 0 0 0
     4 0 0 0 0
     5 0 0 0 0
     6 0 0 0 0
     7 0 0 0 0
     8 0 0 0 0
     9 0 0 0 0
    10 0 0 0 0
    11 0 0 0 0
    12 0 0 0 0
    13 0 0 0 0
    14 0 0 0 0
    15 0 0 0 0
    16 0 0 0 0
    17 0 0 0 0
    18 0 0 0 0
    19 0 0 0 0
    20 0 0 0 0
    21 0 0 0 0
    22 0 0 0 0
    23 0 0 0 0
    24 0 0 0 0
    25 0 0 0 0
    26 0 0 0 0
    27 0 0 0 0
    28 0 0 0 0
    29 0 0 0 0
    30 0 0 0 0
    31 0 0 0 0
    32 0 0 0 0
    33 0 0 0 0
    34 0 0 0 0
    35 0 0 0 0
    36 0 0 0 0
    37 0 0 0 0
    38 0 0 0 0
    39 0 0 0 0
    40 0 0 0 0
    41 0 0 0 0
    42 0 0 0 0
    43 0 0 0 0
    44 0 0 0 0
    45 0 0 0 0
    46 0 0 0 0
    47 0 0 0 0
    48 0 0 0 0
    49 0 0 0 0
    50 0 0 0 0
    51 0 0 0 0
    52 0 0 0 0
    53 0 0 0 0
    54 0 0 0 0
    55 0 0 0 0
    56 0 0 0 0
    57 0 0 0 0
    58 0 0 0 0
    59 0 0 0 0
    60 0 0 0 0
    61 0 0 0 0
    62 0 0 0 0
    63 0 0 0 0
    64 0 0 0 0
    65 0 0 0 0
    66 0 0 0 0
    67 0 0 0 0
    68 0 0 0 0
    69 0 0 0 0
    70 0 0 0 0
    71 0 0 0 0
    72 0 0 0 0
    73 0 0 0 0
    74 0 0 0 0
    75 0 0 0 0
    76 0 0 0 0
    77 0 0 0 0
    78 0 0 0 0
    79 0 0 0 0
    80 0 0 0 0
    81 0 0 0 0
    82 0 0 0 0
    83 0 0 0 0
    84 0 0 0 0
    85 0 0 0 0
    86 0 0 0 0
    87 0 0 0 0
    88 0 0 0 0
    89 0 0 0 0
    90 0 0 0 0
    91 0 0 0 0
    92 0 0 0 0
    93 0 0 0 0
    94 0 0 0 0
    95 0 0 0 0
    96 0 0 0 0
    97 0 0 0 0
    98 0 0 0 0
    99 0 0 0 0
   100 0 0 0 0
   101 0 0 0 0
   102 0 0 0 0
   103 0 0 0 0
   104 0 0 0 0
   105 0 0 0 0
   106 0 0 0 0
   107 0 0 0 0
   108 0 0 0 0
   109 0 0 0 0
   110 0 0 0 0
   111 0 0 0 0
   112 0 0 0 0
   113 0 0 0 0
   114 0 0 0 0
   115 0 0 0 0
   116 0 0 0 0
   117 0 0 0 0
   118 0 0 0 0
   119 0 0 0 0
   120 0 0 0 0
   121 0 0 0 0
   122 0 0 0 0
   123 0 0 0 0
   124 0 0 0 0
   125 0 0 0 0
   126 0 0 0 0
   127 0 0 0 0
   128 0 0 0 0
   129 0 0 0 0
   130 0 0 0 0
   131 0 0 0 0
   132 0 0 0 0
   133 0 0 0 0
   134 0 0 0 0
   135 0 0 0 0
   136 0 0 0 0
   137 0 0 0 0
   138 0 0 0 0
   139 0 0 0 0
   140 0 0 0 0
   141 0 0 0 0
   142 0 0 0 0
   143 0 0 0 0
   144 0 0 0 0
   145 0 0 0 0
   146 0 0 0 0
   147 0 0 0 0
   148 0 0 0 0
   149 0 0 0 0
   150 0 0 0 0
   151 0 0 0 0
   152 0 0 0 0
   153 0 0 0 0
   154 0 0 0 0
   155 0 0 0 0
   156 0 0 0 0
   157 0 0 0 0
   158 0 0 0 0
   159 0 0 0 0
   160 0 0 0 0
   161 0 0 0 0
   162 0 0 0 0
   163 0 0 0 0
   164 0 0 0 0
   165 0 0 0 0
   166 0 0 0 0
   167 0 0 0 0
   168 0 0 0 0
   169 0 0 0 0
   170 0 0 0 0
   171 0 0 0 0
   172 0 0 0 0
   173 0 0 0 0
   174 0 0 0 0
   175 0 0 0 0
   176 0 0 0 0
   177 0 0 0 0
   178 0 0 0 0
   179 0 0 0 0
   180 0 0 0 0
   181 0 0 0 0
   182 0 0 0 0
   183 0 0 0 0
   184 0 0 0 0
   185 0 0 0 0
   186 0 0 0 0
   187 0 0 0 0
   188 0 0 0 0
   189 0 0 0 0
   190 0 0 0 0
   191 0 0 0 0
   192 0 0 0 0
   193 0 0 0 0
   194 0 0 0 0
   195 0 0 0 0
   196 0 0 0 0
   197 0 0 0 0
   198 0 0 0 0
   199 0 0 0 0
   200 0 0 0 0
   201 0 0 0 0
   202 0 0 0 0
   203 0 0 0 0
   204 0 0 0 0
   205 0 0 0 0
   206 0 0 0 0
   207 0 0 0 0
   208 0 0 0 0
   209 0 0 0 0
   210 0 0 0 0
   211 0 0 0 0
   212 0 0 0 0
   213 0 0 0 0
   214 0 0 0 0
   215 0 0 0 0
   216 0 0 0 0
   217 0 0 0 0
   218 0 0 0 0
   219 0 0 0 0
   220 0 0 0 0
   221 0 0 0 0
   222 0 0 0 0
   223 0 0 0 0
   224 0 0 0 0
   225 0 0 0 0
   226 0 0 0 0
   227 0 0 0 0
   228 0 0 0 0
   229 0 0 0 0
   230 0 0 0 0
   231 0 0 0 0
   232 0 0 0 0
   233 0 0 0 0
   234 0 0 0 0
   235 0 0 0 0
   236 0 0 0 0
   237 0 0 0 0
   238 0 0 0 0
   239 0 0 0 0
   240 0 0 0 0
   241 0 0 0 0
   242 0 0 0 0
   243 0 0 0 0
   244 0 0 0 0
   245 0 0 0 0
   246 0 0 0 0
   247 0 0 0 0
   248 0 0 0 0
   249 0 0 0 0
   250 0 0 0 0
   251 0 0 0 0
   252 0 0 0 0
   253 0 0 0 0
   254 0 0 0 0
   255 0 0 0 0
   256 0 0 0 0
   257 0 0 0 0
   258 0 0 0 0
   259 0 0 0 0
   260 0 0 0 0
   261 0 0 0 0
   262 0 0 0 0
   263 0 0 0 0
   264 0 0 0 0
   265 0 0 0 0
   266 0 0 0 0
   267 0 0 0 0
   268 0 0 0 0
   269 0 0 0 0
   270 0 0 0 0
   271 0 0 0 0
   272 0 0 0 0
   273 0 0 0 0
   274 0 0 0 0
   275 0 0 0 0
   276 0 0 0 0
   277 0 0 0 0
   278 0 0 0 0
   279 0 0 0 0
   280 0 0 0 0
   281 0 0 0 0
   282 0 0 0 0
   283 0 0 0 0
   284 0 0 0 0
   285 0 0 0 0
   286 0 0 0 0
   287 0 0 0 0
   288 0 0 0 0
   289 0 0 0 0
   290 0 0 0 0
   291 0 0 0 0
   292 0 0 0 0
   293 0 0 0 0
   294 0 0 0 0
   295 0 0 0 0
   296 0 0 0 0
   297 0 0 0 0
   298 0 0 0 0
   299 0 0 0 0
   300 0 0 0 0
   301 0 0 0 0
   302 0 0 0 0
   303 0 0 0 0
   304 0 0 0 0
   305 0 0 0 0
   306 0 0 0 0
   307 0 0 0 0
   308 0 0 0 0
   309 0 0 0 0
   310 0 0 0 0
   311 0 0 0 0
   312 0 0 0 0
   313 0 0 0 0
   314 0 0 0 0
   315 0 0 0 0
   316 0 0 0 0
   317 0 0 0 0
   318 0 0 0 0
   319 0 0 0 0
   320 0 0 0 0
   321 0 0 0 0
   322 0 0 0 0
   323 0 0 0 0
   324 0 0 0 0
   325 0 0 0 0
   326 0 0 0 0
   327 0 0 0 0
   328 0 0 0 0
   329 0 0 0 0
   330 0 0 0 0
   331 0 0 0 0
   332 0 0 0 0
   333 0 0 0 0
   334 0 0 0 0
   335 0 0 0 0
   336 0 0 0 0
   337 0 0 0 0
   338 0 0 0 0
   339 0 0 0 0
   340 0 0 0 0
   341 0 0 0 0
   342 0 0 0 0
   343 0 0 0 0
   344 0 0 0 0
   345 0 0 0 0
   346 0 0 0 0
   347 0 0 0 0
   348 0 0 0 0
   349 0 0 0 0
   350 0 0 0 0
   351 0 0 0 0
   352 0 0 0 0
   353 0 0 0 0
   354 0 0 0 0
   355 0 0 0 0
   356 0 0 0 0
   357 0 0 0 0
   358 0 0 0 0
   359 0 0 0 0
   360 0 0 0 0
   361 0 0 0 0
   362 0 0 0 0
   363 0 0 0 0
   364 0 0 0 0
   365 0 0 0 0
   366 0 0 0 0
   367 0 0 0 0
   368 0 0 0 0
   369 0 0 0 0
   370 0 0 0 0
   371 0 0 0 0
   372 0 0 0 0
   373 0 0 0 0
   374 0 0 0 0
   375 0 0 0 0
   376 0 0 0 0
   377 0 0 0 0
   378 0 0 0 0
   379 0 0 0 0
   380 0 0 0 0
   381 0 0 0 0
   382 0 0 0 0
   383 0 0 0 0
   384 0 0 0 0
   385 0 0 0 0
   386 0 0 0 0
   387 0 0 0 0
   388 0 0 0 0
   389 0 0 0 0
   390 0 0 0 0
   391 0 0 0 0
   392 0 0 0 0
   393 0 0 0 0
   394 0 0 0 0
   395 0 0 0 0
   396 0 0 0 0
   397 0 0 0 0
   398 0 0 0 0
   399 0 0 0 0
   400 0 0 0 0
   401 0 0 0 0
   402 0 0 0 0
   403 0 0 0 0
   404 0 0 0 0
   405 0 0 0 0
   406 0 0 0 0
   407 0 0 0 0
   408 0 0 0 0
   409 0 0 0 0
   410 0 0 0 0
   411 0 0 0 0
   412 0 0 0 0
   413 0 0 0 0
   414 0 0 0 0
   415 0 0 0 0
   416 0 0 0 0
   417 0 0 0 0
   418 0 0 0 0
   419 0 0 0 0
   420 0 0 0 0
   421 0 0 0 0
   422 0 0 0 0
   423 0 0 0 0
   424 0 0 0 0
   425 0 0 0 0
   426 0 0 0 0
   427 0 0 0 0
   428 0 0 0 0
   429 0 0 0 0
   430 0 0 0 0
   431 0 0 0 0
   432 0 0 0 0
   433 0 0 0 0
   434 0 0 0 0
   435 0 0 0 0
   436 0 0 0 0
   437 0 0 0 0
   438 0 0 0 0
   439 0 0 0 0
   440 0 0 0 0
   441 0 0 0 0
   442 0 0 0 0
   443 0 0 0 0
   444 0 0 0 0
   445 0 0 0 0
   446 0 0 0 0
   447 0 0 0 0
   448 0 0 0 0
   449 0 0 0 0
   450 0 0 0 0
   451 0 0 0 0
   452 0 0 0 0
   453 0 0 0 0
   454 0 0 0 0
   455 0 0 0 0
   456 0 0 0 0
   457 0 0 0 0
   458 0 0 0 0
   459 0 0 0 0
   460 0 0 0 0
   461 0 0 0 0
   462 0 0 0 0
   463 0 0 0 0
   464 0 0 0 0
   465 0 0 0 0
   466 0 0 0 0
   467 0 0 0 0
   468 0 0 0 0
   469 0 0 0 0
   470 0 0 0 0
   471 0 0 0 0
   472 0 0 0 0
   473 0 0 0 0
   474 0 0 0 0
   475 0 0 0 0
   476 0 0 0 0
   477 0 0 0 0
   478 0 0 0 0
   479 0 0 0 0
   480 0 0 0 0
   481 0 0 0 0
   482 0 0 0 0
   483 0 0 0 0
   484 0 0 0 0
   485 0 0 0 0
   486 0 0 0 0
   487 0 0 0 0
   488 0 0 0 0
   489 0 0 0 0
   490 0 0 0 0
   491 0 0 0 0
   492 0 0 0 0
   493 0 0 0 0
   494 0 0 0 0
   495 0 0 0 0
   496 0 0 0 0
   497 0 0 0 0
   498 0 0 0 0
   499 0 0 0 0
   500 0 0 0 0
   501 0 0 0 0
   502 0 0 0 0
   503 0 0 0 0
   504 0 0 0 0
   505 0 0 0 0
   506 0 0 0 0
   507 0 0 0 0
   508 0 0 0 0
   509 0 0 0 0
   510 0 0 0 0
   511 0 0 0 0
   512 0 0 0 0
   513 0 0 0 0
   514 0 0 0 0
   515 0 0 0 0
   516 0 0 0 0
   517 0 0 0 0
   518 0 0 0 0
   519 0 0 0 0
   520 0 0 0 0
   521 0 0 0 0
   522 0 0 0 0
   523 0 0 0 0
   524 0 0 0 0
   525 0 0 0 0
   526 0 0 0 0
   527 0 0 0 0
   528 0 0 0 0
   529 0 0 0 0
   530 0 0 0 0
   531 0 0 0 0
   532 0 0 0 0
   533 0 0 0 0
   534 0 0 0 0
   535 0 0 0 0
   536 0 0 0 0
   537 0 0 0 0
   538 0 0 0 0
   539 0 0 0 0
   540 0 0 0 0
   541 0 0 0 0
   542 0 0 0 0
   543 0 0 0 0
   544 0 0 0 0
   545 0 0 0 0
   546 0 0 0 0
   547 0 0 0 0
   548 0 0 0 0
   549 0 0 0 0
   550 0 0 0 0
   551 0 0 0 0
   552 0 0 0 0
   553 0 0 0 0
   554 0 0 0 0
   555 0 0 0 0
   556 0 0 0 0
   557 0 0 0 0
   558 0 0 0 0
   559 0 0 0 0
   560 0 0 0 0
   561 0 0 0 0
   562 0 0 0 0
   563 0 0 0 0
   564 0 0 0 0
   565 0 0 0 0
   566 0 0 0 0
   567 0 0 0 0
   568 0 0 0 0
   569 0 0 0 0
   570 0 0 0 0
   571 0 0 0 0
   572 0 0 0 0
   573 0 0 0 0
   574 0 0 0 0
   575 0 0 0 0
   576 0 0 0 0
   577 0 0 0 0
   578 0 0 0 0
   579 0 0 0 0
   580 0 0 0 0
   581 0 0 0 0
   582 0 0 0 0
   583 0 0 0 0
   584 0 0 0 0
   585 0 0 0 0
   586 0 0 0 0
   587 0 0 0 0
   588 0 0 0 0
   589 0 0 0 0
   590 0 0 0 0
   591 0 0 0 0
   592 0 0 0 0
   593 0 0 0 0
   594 0 0 0 0
   595 0 0 0 0
   596 0 0 0 0
   597 0 0 0 0
   598 0 0 0 0
   599 0 0 0 0
   600 0 0 0 0
   601 0 0 0 0
   602 0 0 0 0
   603 0 0 0 0
   604 0 0 0 0
   605 0 0 0 0
   606 0 0 0 0
   607 0 0 0 0
   608 0 0 0 0
   609 0 0 0 0
   610 0 0 0 0
   611 0 0 0 0
   612 0 0 0 0
   613 0 0 0 0
   614 0 0 0 0
   615 0 0 0 0
   616 0 0 0 0
   617 0 0 0 0
   618 0 0 0 0
   619 0 0 0 0
   620 0 0 0 0
   621 0 0 0 0
   622 0 0 0 0
   623 0 0 0 0
   624 0 0 0 0
   625 0 0 0 0
   626 0 0 0 0
   627 0 0 0 0
   628 0 0 0 0
   629 0 0 0 0
   630 0 0 0 0
   631 0 0 0 0
   632 0 0 0 0
   633 0 0 0 0
   634 0 0 0 0
   635 0 0 0 0
   636 0 0 0 0
   637 0 0 0 0
   638 0 0 0 0
   639 0 0 0 0
   640 0 0 0 0
   641 0 0 0 0
   642 0 0 0 0
   643 0 0 0 0
   644 0 0 0 0
   645 0 0 0 0
   646 0 0 0 0
   647 0 0 0 0
   648 0 0 0 0
   649 0 0 0 0
   650 0 0 0 0
   651 0 0 0 0
   652 0 0 0 0
   653 0 0 0 0
   654 0 0 0 0
   655 0 0 0 0
   656 0 0 0 0
   657 0 0 0 0
   658 0 0 0 0
   659 0 0 0 0
   660 0 0 0 0
   661 0 0 0 0
   662 0 0 0 0
   663 0 0 0 0
   664 0 0 0 0
   665 0 0 0 0
   666 0 0 0 0
   667 0 0 0 0
   668 0 0 0 0
   669 0 0 0 0
   670 0 0 0 0
   671 0 0 0 0
   672 0 0 0 0
   673 0 0 0 0
   674 0 0 0 0
   675 0 0 0 0
   676 0 0 0 0
   677 0 0 0 0
   678 0 0 0 0
   679 0 0 0 0
   680 0 0 0 0
   681 0 0 0 0
   682 0 0 0 0
   683 0 0 0 0
   684 0 0 0 0
   685 0 0 0 0
   686 0 0 0 0
   687 0 0 0 0
   688 0 0 0 0
   689 0 0 0 0
   690 0 0 0 0
   691 0 0 0 0
   692 0 0 0 0
   693 0 0 0 0
   694 0 0 0 0
   695 0 0 0 0
   696 0 0 0 0
   697 0 0 0 0
   698 0 0 0 0
   699 0 0 0 0
   700 0 0 0 0
   701 0 0 0 0
   702 0 0 0 0
   703 0 0 0 0
   704 0 0 0 0
   705 0 0 0 0
   706 0 0 0 0
   707 0 0 0 0
   708 0 0 0 0
   709 0 0 0 0
   710 0 0 0 0
   711 0 0 0 0
   712 0 0 0 0
   713 0 0 0 0
   714 0 0 0 0
   715 0 0 0 0
   716 0 0 0 0
   717 0 0 0 0
   718 0 0 0 0
   719 0 0 0 0
   720 0 0 0 0
   721 0 0 0 0
   722 0 0 0 0
   723 0 0 0 0
   724 0 0 0 0
   725 0 0 0 0
   726 0 0 0 0
   727 0 0 0 0
   728 0 0 0 0
   729 0 0 0 0
   730 0 0 0 0
   731 0 0 0 0
   732 0 0 0 0
   733 0 0 0 0
   734 0 0 0 0
   735 0 0 0 0
   736 0 0 0 0
   737 0 0 0 0
   738 0 0 0 0
   739 0 0 0 0
   740 0 0 0 0
   741 0 0 0 0
   742 0 0 0 0
   743 0 0 0 0
   744 0 0 0 0
   745 0 0 0 0
   746 0 0 0 0
   747 0 0 0 0
   748 0 0 0 0
   749 0 0 0 0
   750 0 0 0 0
   751 0 0 0 0
   752 0 0 0 0
   753 0 0 0 0
   754 0 0 0 0
   755 0 0 0 0
   756 0 0 0 0
   757 0 0 0 0
   758 0 0 0 0
   759 0 0 0 0
   760 0 0 0 0
   761 0 0 0 0
   762 0 0 0 0
   763 0 0 0 0
   764 0 0 0 0
   765 0 0 0 0
   766 0 0 0 0
   767 0 0 0 0
   768 0 0 0 0
   769 0 0 0 0
   770 0 0 0 0
   771 0 0 0 0
   772 0 0 0 0
   773 0 0 0 0
   774 0 0 0 0
   775 0 0 0 0
   776 0 0 0 0
   777 0 0 0 0
   778 0 0 0 0
   779 0 0 0 0
   780 0 0 0 0
   781 0 0 0 0
   782 0 0 0 0
   783 0 0 0 0
   784 0 0 0 0
   785 0 0 0 0
   786 0 0 0 0
   787 0 0 0 0
   788 0 0 0 0
   789 0 0 0 0
   790 0 0 0 0
   791 0 0 0 0
   792 0 0 0 0
   793 0 0 0 0
   794 0 0 0 0
   795 0 0 0 0
   796 0 0 0 0
   797 0 0 0 0
   798 0 0 0 0
   799 0 0 0 0
   800 0 0 0 0
   801 0 0 0 0
   802 0 0 0 0
   803 0 0 0 0
   804 0 0 0 0
   805 0 0 0 0
   806 0 0 0 0
   807 0 0 0 0
   808 0 0 0 0
   809 0 0 0 0
   810 0 0 0 0
   811 0 0 0 0
   812 0 0 0 0
   813 0 0 0 0
   814 0 0 0 0
   815 0 0 0 0
   816 0 0 0 0
   817 0 0 0 0
   818 0 0 0 0
   819 0 0 0 0
   820 0 0 0 0
   821 0 0 0 0
   822 0 0 0 0
   823 0 0 0 0
   824 0 0 0 0
   825 0 0 0 0
   826 0 0 0 0
   827 0 0 0 0
   828 0 0 0 0
   829 0 0 0 0
   830 0 0 0 0
   831 0 0 0 0
   832 0 0 0 0
   833 0 0 0 0
   834 0 0 0 0
   835 0 0 0 0
   836 0 0 0 0
   837 0 0 0 0
   838 0 0 0 0
   839 0 0 0 0
   840 0 0 0 0
   841 0 0 0 0
   842 0 0 0 0
   843 0 0 0 0
   844 0 0 0 0
   845 0 0 0 0
   846 0 0 0 0
   847 0 0 0 0
   848 0 0 0 0
   849 0 0 0 0
   850 0 0 0 0
   851 0 0 0 0
   852 0 0 0 0
   853 0 0 0 0
   854 0 0 0 0
   855 0 0 0 0
   856 0 0 0 0
   857 0 0 0 0
   858 0 0 0 0
   859 0 0 0 0
   860 0 0 0 0
   861 0 0 0 0
   862 0 0 0 0
   863 0 0 0 0
   864 0 0 0 0
   865 0 0 0 0
   866 0 0 0 0
   867 0 0 0 0
   868 0 0 0 0
   869 0 0 0 0
   870 0 0 0 0
   871 0 0 0 0
   872 0 0 0 0
   873 0 0 0 0
   874 0 0 0 0
   875 0 0 0 0
   876 0 0 0 0
   877 0 0 0 0
   878 0 0 0 0
   879 0 0 0 0
   880 0 0 0 0
   881 0 0 0 0
   882 0 0 0 0
   883 0 0 0 0
   884 0 0 0 0


  1.00000000e+03   1.00000000e+03   0.00000000e+00   1.00000000e+03   0.00000000e+00   0.00000000e+00   3.00000000e-01   0.00000000e+00   0.00000000e+00   1.00000000e+00   1.00000000e+00   1.00000000e+00   1.00000000e+07 	2 3 

1 
1 0 0 	0 1 0 	0 0 1 

0 0.5 0.5

0

0

0
