278 3 835

10000 1e-05 1e-15

1 1 1

4 4 4 4 4 4 4 4 4 4 4 4 4 4 4 4 4 4 4 4 4 4 4 4 4 4 4 4 4 4 4 4 4 4 4 4 4 4 4 4 4 4 4 4 4 4 4 4 4 4 4 4 4 4 4 4 4 4 4 4 4 4 4 4 4 4 4 4 4 4 4 4 4 4 4 4 4 4 4 4 4 4 4 4 4 4 4 4 4 4 4 4 4 4 4 4 4 4 4 4 4 4 4 4 4 4 4 4 4 4 4 4 4 4 4 4 4 4 4 4 4 4 4 4 4 4 4 4 4 4 4 4 4 4 4 4 4 4 4 4 4 4 4 4 4 4 4 4 4 4 4 4 4 4 4 4 4 4 4 4 4 4 4 4 4 4 4 4 4 4 4 4 4 4 4 4 4 4 4 4 4 4 4 4 4 4 4 4 4 4 4 4 4 4 4 4 4 4 4 4 4 4 4 4 4 4 4 4 4 4 4 4 4 4 4 4 4 4 4 4 4 4 4 4 4 4 4 4 4 4 4 4 4 4 4 4 4 4 4 4 4 4 4 4 4 4 4 4 4 4 4 4 4 4 4 4 4 4 4 4 4 4 4 4 4 4 4 4 4 4 4 4 4 4 4 4 4 4 4 4 4 4 4 4 4 4 4 4 4 4 4 4 4 4 4 4 4 4 4 4 4 4 4 4 4 4 4 4 4 4 4 4 4 4 4 4 4 4 4 4 4 4 4 4 4 4 4 4 4 4 4 4 4 4 4 4 4 4 4 4 4 4 4 4 4 4 4 4 4 4 4 4 4 4 4 4 4 4 4 4 4 4 4 4 4 4 4 4 4 4 4 4 4 4 4 4 4 4 4 4 4 4 4 4 4 4 4 4 4 4 4 4 4 4 4 4 4 4 4 4 4 4 4 4 4 4 4 4 4 4 4 4 4 4 4 4 4 4 4 4 4 4 4 4 4 4 4 4 4 4 4 4 4 4 4 4 4 4 4 4 4 4 4 4 4 4 4 4 4 4 4 4 4 4 4 4 4 4 4 4 4 4 4 4 4 4 4 4 4 4 4 4 4 4 4 4 4 4 4 4 4 4 4 4 4 4 4 4 4 4 4 4 4 4 4 4 4 4 4 4 4 4 4 4 4 4 4 4 4 4 4 4 4 4 4 4 4 4 4 4 4 4 4 4 4 4 4 4 4 4 4 4 4 4 4 4 4 4 4 4 4 4 4 4 4 4 4 4 4 4 4 4 4 4 4 4 4 4 4 4 4 4 4 4 4 4 4 4 4 4 4 4 4 4 4 4 4 4 4 4 4 4 4 4 4 4 4 4 4 4 4 4 4 4 4 4 4 4 4 4 4 4 4 4 4 4 4 4 4 4 4 4 4 4 4 4 4 4 4 4 4 4 4 4 4 4 4 4 4 4 4 4 4 4 4 4 4 4 4 4 4 4 4 4 4 4 4 4 4 4 4 4 4 4 4 4 4 4 4 4 4 4 4 4 4 4 4 4 4 4 4 4 4 4 4 4 4 4 4 4 4 4 4 4 4 4 4 4 4 4 4 4 4 4 4 4 4 4 4 4 4 4 4 4 4 4 4 4 4 4 4 4 4 4 4 4 4 4 4 4 4 4 4 4 4 4 4 4 4 4 4 4 4 4 4 4 4 4 4 4 4 4 4 4 4 4 4 4 4 4 4 4 4 4 4 4 4 4 4 4 4 4 4 4 4 4 4 4 4 4 4 4 4 4 4 4 4 4 4 4 4 4 4 4 4 4 4 4 4 4 4 4 4 4 4 4 4 4 4 4 4 4 4 4 4 4 4 4 4 4 4 4 4 4 4 4 4 4 4 4 4 4 4 4 4 4 4 4 4 4 4 4 4 4 4 

 108    1    0	  0.00000000e+00   0.00000000e+00   8.00000000e+00 	2   21 0
 107    2    1	  8.55523900e-01   0.00000000e+00   7.51934500e+00 	5   11 0
  -1    1    2	  0.00000000e+00   0.00000000e+00   7.00000000e+00 	2   21 0
 106    1    3	  0.00000000e+00   8.60000200e-01   7.51946700e+00 	5    7 0
  -1    1    4	  0.00000000e+00   0.00000000e+00   6.00000000e+00 	2   21 0
  -1    1    5	  0.00000000e+00   8.05006000e-01   6.51265800e+00 	5    7 0
  -1    1    6	  0.00000000e+00   6.80829100e-01   5.68264300e+00 	5    7 0
  -1    1    7	  8.01291600e-01   0.00000000e+00   6.51202400e+00 	5   11 0
 105    2    8	  8.41841000e-01   8.62348300e-01   7.01890100e+00 	4    2 1
  -1    1    9	  6.78881400e-01   0.00000000e+00   5.68192200e+00 	5   11 0
 101    2   10	  1.68081700e+00   0.00000000e+00   6.97126900e+00 	5   11 0
 100    1   11	  2.49441800e+00   0.00000000e+00   7.32661800e+00 	5   11 0
  91    2   12	  3.31070000e+00   0.00000000e+00   6.97241500e+00 	5   11 0
  -1    1   13	  2.49549300e+00   0.00000000e+00   6.45685400e+00 	5   11 0
  -1    1   14	  1.59311600e+00   0.00000000e+00   5.89758400e+00 	5   11 0
  -1    1   15	  2.49790000e+00   0.00000000e+00   5.65131000e+00 	5   11 0
  99    2   16	  0.00000000e+00   1.68930000e+00   6.97241500e+00 	5    7 0
 103    2   17	  0.00000000e+00   2.50558200e+00   7.32661800e+00 	5    7 0
 104    1   18	  7.74905600e-01   1.94373900e+00   7.19051800e+00 	4    2 1
  -1    1   19	  8.27862300e-01   1.45657000e+00   6.38774200e+00 	4    2 1
  -1    1   20	  7.26924300e-01   6.97663800e-01   5.80790800e+00 	4    2 1
  -1    1   21	  1.73269300e+00   6.68813900e-01   5.55846900e+00 	4    2 1
  -1    1   22	  0.00000000e+00   1.59767000e+00   5.89720200e+00 	5    7 0
  -1    1   23	  5.71772400e-01   1.59074800e+00   5.57069200e+00 	4    2 1
  -1    1   24	  0.00000000e+00   2.50450700e+00   6.45685400e+00 	5    7 0
  -1    1   25	  0.00000000e+00   2.50210000e+00   5.65131000e+00 	5    7 0
  -1    1   26	  7.46767400e-01   2.13721600e+00   6.18703700e+00 	4    2 1
  97    2   27	  0.00000000e+00   3.31918300e+00   6.97126900e+00 	5    7 0
  89    2   28	  1.83067700e+00   8.55961300e-01   6.40799700e+00 	4    2 1
  90    1   29	  1.61616300e+00   1.72599300e+00   6.82500800e+00 	4    2 1
  -1    1   30	  1.40120600e+00   2.03677700e+00   6.45776500e+00 	4    2 1
  -1    1   31	  1.41098900e+00   1.51466300e+00   5.77089000e+00 	4    2 1
  -1    1   32	  1.95859200e+00   1.93026000e+00   6.13019300e+00 	4    2 1
  98    1   33	  2.78267900e+00   9.82571000e-01   6.78632400e+00 	4    2 1
  -1    1   34	  2.78783500e+00   6.82590200e-01   5.80433300e+00 	4    2 1
  -1    1   35	  2.46635100e+00   1.47815400e+00   5.73756900e+00 	4    2 1
  87    2   36	  2.67451600e+00   1.94995000e+00   6.49640600e+00 	4    2 1
  88    1   37	  2.16296300e+00   2.47142300e+00   6.71046700e+00 	4    2 1
  93    2   38	  1.59455900e+00   2.63540600e+00   7.00928200e+00 	4    2 1
  94    1   39	  1.53122700e+00   3.39379900e+00   7.14470000e+00 	4    2 1
  92    1   40	  8.56607000e-01   3.14521000e+00   6.52713500e+00 	4    2 1
  -1    1   41	  6.50464700e-01   2.85530400e+00   5.73155500e+00 	4    2 1
  -1    1   42	  1.50401500e+00   2.50355600e+00   5.86669400e+00 	4    2 1
  -1    1   43	  1.93315500e+00   2.98343600e+00   6.13212800e+00 	4    2 1
  -1    1   44	  0.00000000e+00   3.40688400e+00   5.89758400e+00 	5    7 0
  76    2   45	  1.96196600e+00   3.40949700e+00   6.53840300e+00 	4    2 1
  96    1   46	  2.10317500e+00   3.82081400e+00   7.12062500e+00 	4    2 1
 102    1   47	  8.81420300e-01   4.11503200e+00   7.17440800e+00 	4    2 1
  86    1   48	  0.00000000e+00   5.00000000e+00   7.00000000e+00 	2   24 0
  85    2   49	  0.00000000e+00   4.19870800e+00   6.51202400e+00 	5    7 0
  -1    1   50	  0.00000000e+00   5.00000000e+00   6.00000000e+00 	2   24 0
  -1    1   51	  0.00000000e+00   4.32111900e+00   5.68192200e+00 	5    7 0
  -1    1   52	  6.11616100e-01   3.71091300e+00   5.70229800e+00 	4    2 1
  -1    1   53	  5.66336600e-01   4.43309100e+00   5.91625000e+00 	4    2 1
  -1    1   54	  1.25928300e+00   4.06337400e+00   6.42185500e+00 	4    2 1
  84    1   55	  8.06560900e-01   5.00000000e+00   6.47479500e+00 	5   12 0
  -1    1   56	  6.55401300e-01   5.00000000e+00   5.65862600e+00 	5   12 0
  -1    1   57	  1.16464000e+00   4.32472000e+00   5.68037600e+00 	4    2 1
  -1    1   58	  1.44967800e+00   3.49042600e+00   5.75139700e+00 	4    2 1
  95    2   59	  1.85424100e+00   5.00000000e+00   6.89291400e+00 	5   12 0
  -1    1   60	  1.92112800e+00   4.20097700e+00   6.10097700e+00 	4    2 1
  -1    1   61	  1.46951000e+00   5.00000000e+00   5.82104800e+00 	5   12 0
  69    2   62	  2.60589000e+00   4.19130900e+00   6.43019600e+00 	4    2 1
  71    2   63	  3.01917700e+00   3.74356300e+00   6.65830600e+00 	4    2 1
  75    2   64	  2.80889900e+00   3.01302800e+00   6.49373200e+00 	4    2 1
  -1    1   65	  2.48390000e+00   2.52862700e+00   5.79261900e+00 	4    2 1
  68    2   66	  2.55507800e+00   3.56980100e+00   5.89678200e+00 	4    2 1
  -1    1   67	  2.46130500e+00   4.41081800e+00   5.56456500e+00 	4    2 1
  61    2   68	  2.50050100e+00   5.00000000e+00   5.90425200e+00 	5   12 0
  -1    1   69	  0.00000000e+00   0.00000000e+00   5.00000000e+00 	1    9 0
  -1    1   70	  1.00000000e+00   0.00000000e+00   5.00000000e+00 	2    9 0
  -1    1   71	  0.00000000e+00   1.00000000e+00   5.00000000e+00 	2   12 0
  -1    1   72	  1.00000000e+00   1.00000000e+00   5.00000000e+00 	5    3 0
  -1    1   73	  0.00000000e+00   2.00000000e+00   5.00000000e+00 	2   12 0
  -1    1   74	  2.00000000e+00   0.00000000e+00   5.00000000e+00 	2    9 0
  -1    1   75	  0.00000000e+00   3.00000000e+00   5.00000000e+00 	2   12 0
  -1    1   76	  1.00000000e+00   2.00000000e+00   5.00000000e+00 	5    3 0
  -1    1   77	  2.00000000e+00   1.00000000e+00   5.00000000e+00 	5    3 0
  -1    1   78	  3.00000000e+00   0.00000000e+00   5.00000000e+00 	2    9 0
  77    2   79	  3.40233000e+00   0.00000000e+00   5.89720200e+00 	5   11 0
  -1    1   80	  3.55721500e+00   5.52663600e-01   5.55655000e+00 	4    2 1
  81    2   81	  3.53668800e+00   7.70246700e-01   6.49324600e+00 	4    2 1
  -1    1   82	  0.00000000e+00   4.00000000e+00   5.00000000e+00 	2   12 0
  -1    1   83	  0.00000000e+00   5.00000000e+00   5.00000000e+00 	1   12 0
  -1    1   84	  1.00000000e+00   3.00000000e+00   5.00000000e+00 	5    3 0
  -1    1   85	  2.00000000e+00   2.00000000e+00   5.00000000e+00 	5    3 0
  -1    1   86	  3.00000000e+00   1.00000000e+00   5.00000000e+00 	5    3 0
  -1    1   87	  1.00000000e+00   4.00000000e+00   5.00000000e+00 	5    3 0
  -1    1   88	  1.00000000e+00   5.00000000e+00   5.00000000e+00 	2   11 0
  -1    1   89	  2.00000000e+00   3.00000000e+00   5.00000000e+00 	5    3 0
  -1    1   90	  2.00000000e+00   4.00000000e+00   5.00000000e+00 	5    3 0
  -1    1   91	  2.00000000e+00   5.00000000e+00   5.00000000e+00 	2   11 0
  -1    1   92	  4.00000000e+00   0.00000000e+00   5.00000000e+00 	2    9 0
  59    2   93	  4.31917100e+00   0.00000000e+00   5.68264300e+00 	5   11 0
  60    2   94	  5.00000000e+00   0.00000000e+00   6.00000000e+00 	2   22 0
  62    2   95	  4.19730800e+00   6.59389100e-01   6.08308300e+00 	4    2 1
  80    1   96	  3.54136100e+00   1.74382900e+00   6.59677900e+00 	4    2 1
  -1    1   97	  3.49938100e+00   1.33357200e+00   5.84865100e+00 	4    2 1
  82    1   98	  4.09586300e+00   1.20517500e+00   7.04431400e+00 	4    2 1
  -1    1   99	  4.20354100e+00   1.38581500e+00   6.37554400e+00 	4    2 1
  63    2  100	  5.00000000e+00   8.05710300e-01   6.47391800e+00 	5    8 0
  83    2  101	  4.01825800e+00   1.90071200e+00   6.97036400e+00 	4    2 1
  -1    1  102	  4.38735300e+00   1.21796900e+00   5.70598400e+00 	4    2 1
  -1    1  103	  5.00000000e+00   6.54881400e-01   5.65908600e+00 	5    8 0
  -1    1  104	  5.00000000e+00   0.00000000e+00   5.00000000e+00 	1   10 0
  -1    1  105	  4.00000000e+00   1.00000000e+00   5.00000000e+00 	5    3 0
  -1    1  106	  3.00000000e+00   2.00000000e+00   5.00000000e+00 	5    3 0
  -1    1  107	  4.12497700e+00   1.91277300e+00   6.17191800e+00 	4    2 1
  -1    1  108	  3.39109800e+00   2.29222500e+00   5.80266100e+00 	4    2 1
  -1    1  109	  3.00000000e+00   3.00000000e+00   5.00000000e+00 	5    3 0
  78    1  110	  3.71688300e+00   2.66058600e+00   6.58509800e+00 	4    2 1
  70    2  111	  3.52124800e+00   3.57048100e+00   6.42676900e+00 	4    2 1
  -1    1  112	  3.47993000e+00   3.26636600e+00   5.74203500e+00 	4    2 1
  -1    1  113	  3.00000000e+00   4.00000000e+00   5.00000000e+00 	5    3 0
  74    2  114	  4.41948600e+00   2.62826000e+00   6.65667000e+00 	4    2 1
  79    2  115	  5.00000000e+00   1.85116900e+00   6.89352300e+00 	5    8 0
  72    2  116	  4.14033500e+00   3.64335900e+00   6.86055000e+00 	4    2 1
  73    2  117	  5.00000000e+00   3.14575900e+00   6.89291400e+00 	5    8 0
  -1    1  118	  5.00000000e+00   1.46869700e+00   5.82151000e+00 	5    8 0
  -1    1  119	  4.00000000e+00   2.00000000e+00   5.00000000e+00 	5    3 0
  -1    1  120	  5.00000000e+00   1.00000000e+00   5.00000000e+00 	2   10 0
  -1    1  121	  4.35342500e+00   2.45034900e+00   5.75191700e+00 	4    2 1
  -1    1  122	  5.00000000e+00   2.49949900e+00   5.90425200e+00 	5    8 0
  -1    1  123	  4.35611200e+00   3.26302100e+00   5.97147800e+00 	4    2 1
  -1    1  124	  5.00000000e+00   3.53049000e+00   5.82104800e+00 	5    8 0
  -1    1  125	  5.00000000e+00   2.00000000e+00   5.00000000e+00 	2   10 0
  -1    1  126	  4.00000000e+00   3.00000000e+00   5.00000000e+00 	5    3 0
  -1    1  127	  5.00000000e+00   3.00000000e+00   5.00000000e+00 	2   10 0
  64    2  128	  5.00000000e+00   4.19343900e+00   6.47479500e+00 	5    8 0
  67    2  129	  4.19429000e+00   5.00000000e+00   6.47391800e+00 	5   12 0
  57    2  130	  3.53130300e+00   5.00000000e+00   5.82151000e+00 	5   12 0
  66    2  131	  3.23552400e+00   4.28337500e+00   5.88730600e+00 	4    2 1
  -1    1  132	  4.34511900e+00   5.00000000e+00   5.65908600e+00 	5   12 0
  58    2  133	  5.00000000e+00   5.00000000e+00   6.00000000e+00 	2   23 0
  -1    1  134	  5.00000000e+00   4.34459900e+00   5.65862600e+00 	5    8 0
  65    2  135	  4.26247600e+00   4.27442300e+00   5.88891500e+00 	4    2 1
  -1    1  136	  3.00000000e+00   5.00000000e+00   5.00000000e+00 	2   11 0
  -1    1  137	  4.00000000e+00   4.00000000e+00   5.00000000e+00 	5    3 0
  -1    1  138	  5.00000000e+00   5.00000000e+00   5.00000000e+00 	1   11 0
  -1    1  139	  4.00000000e+00   5.00000000e+00   5.00000000e+00 	2   11 0
  -1    1  140	  5.00000000e+00   4.00000000e+00   5.00000000e+00 	2   10 0
  56    1  141	  3.00000000e+00   5.00000000e+00   5.00000000e+00 	2    7 0
  55    0  142	  4.00000000e+00   5.00000000e+00   5.00000000e+00 	2    7 0
  54    1  143	  5.00000000e+00   5.00000000e+00   5.00000000e+00 	1    7 0
  28    1  144	  5.00000000e+00   4.31946800e+00   4.31711200e+00 	5    6 0
  -1    1  145	  5.00000000e+00   4.00000000e+00   5.00000000e+00 	2    6 0
  -1    1  146	  4.00000000e+00   4.00000000e+00   5.00000000e+00 	5    2 0
  -1    1  147	  5.00000000e+00   3.00000000e+00   5.00000000e+00 	2    6 0
  34    1  148	  4.30833900e+00   4.17789200e+00   4.13795600e+00 	4    1 0
  -1    1  149	  4.42104600e+00   3.37664300e+00   4.40856500e+00 	4    1 0
  12    1  150	  4.21611900e+00   3.47474000e+00   3.55275400e+00 	4    1 0
  35    0  151	  5.00000000e+00   3.40306700e+00   4.10217400e+00 	5    6 0
  -1    1  152	  3.00000000e+00   4.00000000e+00   5.00000000e+00 	5    2 0
  37    0  153	  3.39668700e+00   4.39711000e+00   4.35099300e+00 	4    1 0
  38    1  154	  2.50139000e+00   5.00000000e+00   4.34802700e+00 	5   10 0
  -1    1  155	  2.00000000e+00   5.00000000e+00   5.00000000e+00 	2    7 0
  -1    1  156	  1.00000000e+00   5.00000000e+00   5.00000000e+00 	2    7 0
  -1    1  157	  2.00000000e+00   4.00000000e+00   5.00000000e+00 	5    2 0
  41    0  158	  2.19875200e+00   4.25643900e+00   4.09899600e+00 	4    1 0
  -1    1  159	  1.43362000e+00   4.42976900e+00   4.43308900e+00 	4    1 0
  39    0  160	  1.59693300e+00   5.00000000e+00   4.10217400e+00 	5   10 0
  32    1  161	  1.44909000e+00   4.27508500e+00   3.51863700e+00 	4    1 0
  -1    1  162	  0.00000000e+00   5.00000000e+00   5.00000000e+00 	1    8 0
  49    0  163	  0.00000000e+00   5.00000000e+00   4.00000000e+00 	2   20 0
  48    1  164	  6.80532200e-01   5.00000000e+00   4.31711200e+00 	5   10 0
  -1    1  165	  1.00000000e+00   4.00000000e+00   5.00000000e+00 	5    2 0
  47    0  166	  7.90509400e-01   4.33838000e+00   3.90929300e+00 	4    1 0
  -1    1  167	  0.00000000e+00   4.00000000e+00   5.00000000e+00 	2    8 0
  50    1  168	  0.00000000e+00   4.34592400e+00   4.34076900e+00 	5    5 0
  -1    1  169	  0.00000000e+00   3.00000000e+00   5.00000000e+00 	2    8 0
  -1    1  170	  1.00000000e+00   3.00000000e+00   5.00000000e+00 	5    2 0
  51    0  171	  6.12505100e-01   3.70008800e+00   4.27604900e+00 	4    1 0
  53    0  172	  0.00000000e+00   3.53283200e+00   4.17781600e+00 	5    5 0
  -1    1  173	  2.00000000e+00   3.00000000e+00   5.00000000e+00 	5    2 0
  52    1  174	  1.43253700e+00   3.52902600e+00   4.13448600e+00 	4    1 0
  42    1  175	  2.53104700e+00   3.51295600e+00   4.18490700e+00 	4    1 0
  -1    1  176	  3.00000000e+00   3.00000000e+00   5.00000000e+00 	5    2 0
  40    1  177	  3.50865900e+00   3.38963900e+00   4.18391700e+00 	4    1 0
  -1    1  178	  4.00000000e+00   3.00000000e+00   5.00000000e+00 	5    2 0
  -1    1  179	  5.00000000e+00   2.49861000e+00   4.34802700e+00 	5    6 0
  -1    1  180	  5.00000000e+00   2.00000000e+00   5.00000000e+00 	2    6 0
  -1    1  181	  5.00000000e+00   1.00000000e+00   5.00000000e+00 	2    6 0
  -1    1  182	  4.00000000e+00   2.00000000e+00   5.00000000e+00 	5    2 0
  -1    1  183	  3.00000000e+00   2.00000000e+00   5.00000000e+00 	5    2 0
  -1    1  184	  2.00000000e+00   2.00000000e+00   5.00000000e+00 	5    2 0
  -1    1  185	  1.00000000e+00   2.00000000e+00   5.00000000e+00 	5    2 0
  -1    1  186	  0.00000000e+00   2.00000000e+00   5.00000000e+00 	2    8 0
  -1    1  187	  7.17872900e-01   2.79482400e+00   4.25770200e+00 	4    1 0
  -1    1  188	  0.00000000e+00   2.50217200e+00   4.09463600e+00 	5    5 0
  -1    1  189	  0.00000000e+00   1.00000000e+00   5.00000000e+00 	2    8 0
  -1    1  190	  0.00000000e+00   1.47072700e+00   4.17801800e+00 	5    5 0
  -1    1  191	  0.00000000e+00   6.56014100e-01   4.34088700e+00 	5    5 0
  -1    1  192	  0.00000000e+00   0.00000000e+00   5.00000000e+00 	1    5 0
  -1    1  193	  1.00000000e+00   0.00000000e+00   5.00000000e+00 	2    5 0
  -1    1  194	  6.54075800e-01   0.00000000e+00   4.34076900e+00 	5    9 0
  -1    1  195	  0.00000000e+00   0.00000000e+00   4.00000000e+00 	2   17 0
  -1    1  196	  1.00000000e+00   1.00000000e+00   5.00000000e+00 	5    2 0
  -1    1  197	  2.00000000e+00   1.00000000e+00   5.00000000e+00 	5    2 0
  -1    1  198	  2.00000000e+00   0.00000000e+00   5.00000000e+00 	2    5 0
  -1    1  199	  1.46716800e+00   0.00000000e+00   4.17781600e+00 	5    9 0
  -1    1  200	  3.00000000e+00   1.00000000e+00   5.00000000e+00 	5    2 0
  -1    1  201	  3.00000000e+00   0.00000000e+00   5.00000000e+00 	2    5 0
  -1    1  202	  4.00000000e+00   0.00000000e+00   5.00000000e+00 	2    5 0
  -1    1  203	  5.00000000e+00   0.00000000e+00   5.00000000e+00 	1    6 0
  -1    1  204	  4.00000000e+00   1.00000000e+00   5.00000000e+00 	5    2 0
  -1    1  205	  4.34398600e+00   0.00000000e+00   4.34088700e+00 	5    9 0
  -1    1  206	  5.00000000e+00   6.79265600e-01   4.31764100e+00 	5    6 0
  -1    1  207	  4.40453500e+00   5.66760900e-01   4.07392200e+00 	4    1 0
  -1    1  208	  3.68952900e+00   5.74341000e-01   4.31031700e+00 	4    1 0
  -1    1  209	  3.52927300e+00   0.00000000e+00   4.17801800e+00 	5    9 0
  -1    1  210	  2.49782800e+00   0.00000000e+00   4.09463600e+00 	5    9 0
  -1    1  211	  2.77294200e+00   6.32481000e-01   4.36382500e+00 	4    1 0
  -1    1  212	  3.28547600e+00   5.48377700e-01   3.79228900e+00 	4    1 0
  -1    1  213	  1.88163800e+00   7.04377800e-01   4.18210800e+00 	4    1 0
  -1    1  214	  5.00000000e+00   0.00000000e+00   4.00000000e+00 	2   18 0
  -1    1  215	  4.36767100e+00   1.27707000e+00   4.24405900e+00 	4    1 0
  -1    1  216	  5.00000000e+00   1.59414400e+00   4.10126400e+00 	5    6 0
  15    1  217	  5.00000000e+00   2.49723300e+00   3.54167200e+00 	5    6 0
  43    0  218	  5.00000000e+00   8.02184300e-01   3.48694200e+00 	5    6 0
   0    1  219	  5.00000000e+00   1.68299900e+00   3.02582500e+00 	5    6 0
   3    1  220	  5.00000000e+00   0.00000000e+00   3.00000000e+00 	2   18 0
   1    1  221	  4.14000000e+00   0.00000000e+00   2.51946700e+00 	5    9 0
  -1    1  222	  4.19239100e+00   0.00000000e+00   3.52435200e+00 	5    9 0
  -1    1  223	  3.89336600e+00   9.05626400e-01   3.48109100e+00 	4    1 0
   2    1  224	  4.30860900e+00   9.49277100e-01   2.82803500e+00 	4    1 0
  16    1  225	  4.34185100e+00   1.82786200e+00   3.35884800e+00 	4    1 0
  -1    1  226	  4.28437300e+00   2.11385100e+00   4.16702500e+00 	4    1 0
  27    0  227	  4.20208600e+00   2.79439500e+00   3.74754100e+00 	4    1 0
  -1    1  228	  3.41470100e+00   1.45447900e+00   4.04241500e+00 	4    1 0
  -1    1  229	  3.45378600e+00   2.45583500e+00   4.14580200e+00 	4    1 0
  14    1  230	  3.68368600e+00   2.14165400e+00   3.54994200e+00 	4    1 0
  13    1  231	  3.47607000e+00   2.86371200e+00   3.36100500e+00 	4    1 0
  11    1  232	  3.67436800e+00   1.54877200e+00   2.95522000e+00 	4    1 0
  -1    1  233	  3.16753800e+00   1.05480800e+00   3.19976500e+00 	4    1 0
   5    1  234	  2.94873000e+00   1.56312700e+00   2.42635000e+00 	4    1 0
   4    1  235	  3.43034300e+00   8.04021100e-01   2.44115200e+00 	4    1 0
  44    1  236	  3.14340700e+00   0.00000000e+00   3.10511900e+00 	5    9 0
  -1    1  237	  2.59105100e+00   8.51554500e-01   3.61878600e+00 	4    1 0
  25    0  238	  2.49239900e+00   9.49958600e-01   2.87339400e+00 	4    1 0
   6    1  239	  2.49441800e+00   0.00000000e+00   2.32661800e+00 	5    9 0
  -1    1  240	  2.29158900e+00   1.46380500e+00   3.32580000e+00 	4    1 0
  30    1  241	  2.85857300e+00   1.92521800e+00   3.27990600e+00 	4    1 0
  -1    1  242	  2.39044900e+00   1.45667100e+00   4.14973700e+00 	4    1 0
  29    0  243	  2.80561800e+00   3.02650200e+00   3.41473000e+00 	4    1 0
  -1    1  244	  2.43511100e+00   2.47500300e+00   4.19547800e+00 	4    1 0
  -1    1  245	  1.58987700e+00   1.61761200e+00   4.23424000e+00 	4    1 0
  -1    1  246	  1.38660000e+00   2.47032300e+00   4.16288800e+00 	4    1 0
  -1    1  247	  7.11550600e-01   1.74328900e+00   3.95823400e+00 	4    1 0
  -1    1  248	  7.61751300e-01   6.63397200e-01   4.06424000e+00 	4    1 0
  -1    1  249	  8.03944100e-01   0.00000000e+00   3.52437000e+00 	5    9 0
  -1    1  250	  1.84807000e+00   0.00000000e+00   3.10507400e+00 	5    9 0
   7    1  251	  1.68081700e+00   0.00000000e+00   1.97126900e+00 	5    9 0
  -1    1  252	  8.48437600e-01   6.10072700e-01   3.00345700e+00 	4    1 0
  -1    1  253	  0.00000000e+00   8.07609500e-01   3.52435200e+00 	5    5 0
   8    1  254	  0.00000000e+00   0.00000000e+00   2.00000000e+00 	2   17 0
  26    1  255	  8.55523900e-01   0.00000000e+00   2.51934500e+00 	5    9 0
  -1    1  256	  0.00000000e+00   0.00000000e+00   3.00000000e+00 	2   17 0
  -1    1  257	  1.65716000e+00   1.23175800e+00   3.37607400e+00 	4    1 0
  23    0  258	  1.62179300e+00   8.54845000e-01   2.51690700e+00 	4    1 0
  -1    1  259	  8.48523600e-01   1.33239600e+00   2.94271800e+00 	4    1 0
  19    1  260	  1.46421200e+00   1.57585600e+00   1.94074900e+00 	4    1 0
  21    0  261	  8.02668300e-01   8.84906700e-01   2.07750700e+00 	4    1 0
  36    1  262	  0.00000000e+00   8.60000200e-01   2.51946700e+00 	5    5 0
   9    1  263	  0.00000000e+00   1.68930000e+00   1.97241500e+00 	5    5 0
  -1    1  264	  0.00000000e+00   1.85659400e+00   3.10511900e+00 	5    5 0
  -1    1  265	  7.09751000e-01   2.46514900e+00   3.63051800e+00 	4    1 0
  10    1  266	  0.00000000e+00   2.50558200e+00   2.32661800e+00 	5    5 0
  45    0  267	  0.00000000e+00   3.15193000e+00   3.10507400e+00 	5    5 0
  46    1  268	  7.99573000e-01   3.12787700e+00   3.64684800e+00 	4    1 0
  20    1  269	  7.62909200e-01   2.08815400e+00   2.30879500e+00 	4    1 0
  24    1  270	  2.12496400e+00   1.81077700e+00   2.56638200e+00 	4    1 0
  18    1  271	  1.62888300e+00   2.52981700e+00   2.79605000e+00 	4    1 0
  -1    1  272	  1.16697200e+00   2.04679800e+00   3.31558500e+00 	4    1 0
  22    1  273	  1.47773600e+00   1.80333700e+00   2.72939500e+00 	4    1 0
  -1    1  274	  7.65731300e-01   2.58637600e+00   3.02714100e+00 	4    1 0
  17    1  275	  9.18623100e-01   3.21161200e+00   2.63777000e+00 	4    1 0
  31    0  276	  1.66497000e+00   2.88113800e+00   3.39480500e+00 	4    1 0
  33    0  277	  1.97406300e+00   2.04871300e+00   3.42954400e+00 	4    1 0

0

0


     0	  248 192 193 189 	4    1 0	0 0 2 0 0 0 5 0 
     1	  196 193 189 248 	4    1 0	2 0 0 0 5 0 0 0 
     2	  193 196 198 199 	4    1 0	2 0 0 9 5 0 0 5 
     3	  197 198 196 213 	4    1 0	2 0 0 0 5 0 0 0 
     4	  211 201 198 210 	4    1 0	0 0 9 0 0 0 5 0 
     5	  200 201 197 211 	4    1 0	2 0 0 0 5 0 0 0 
     6	  208 202 201 209 	4    1 0	0 0 9 0 0 0 5 0 
     7	  204 202 200 208 	4    1 0	2 0 0 0 5 0 0 0 
     8	  202 204 203 205 	4    1 0	2 0 0 9 5 0 0 5 
     9	  189 186 196 190 	4    1 0	2 5 0 0 5 5 0 0 
    10	  185 196 186 247 	4    1 0	2 0 0 0 5 0 0 0 
    11	  196 185 197 245 	4    1 0	2 0 0 0 5 0 0 0 
    12	  184 197 185 245 	4    1 0	2 0 0 0 5 0 0 0 
    13	  197 184 200 242 	4    1 0	2 0 0 0 5 0 0 0 
    14	  183 200 184 242 	4    1 0	2 0 0 0 5 0 0 0 
    15	  200 183 204 228 	4    1 0	2 0 0 0 5 0 0 0 
    16	  182 204 183 228 	4    1 0	2 0 0 0 5 0 0 0 
    17	  204 182 181 215 	4    1 0	2 0 0 0 5 0 0 0 
    18	  180 181 182 215 	4    1 0	2 0 0 0 5 0 0 0 
    19	  186 169 185 188 	4    1 0	2 5 0 0 5 5 0 0 
    20	  170 185 169 187 	4    1 0	2 0 0 0 5 0 0 0 
    21	  185 170 184 246 	4    1 0	2 0 0 0 5 0 0 0 
    22	  173 184 170 246 	4    1 0	2 0 0 0 5 0 0 0 
    23	  184 173 183 244 	4    1 0	2 0 0 0 5 0 0 0 
    24	  176 183 173 244 	4    1 0	2 0 0 0 5 0 0 0 
    25	  183 176 182 229 	4    1 0	2 0 0 0 5 0 0 0 
    26	  178 182 176 229 	4    1 0	2 0 0 0 5 0 0 0 
    27	  182 178 180 226 	4    1 0	2 0 0 0 5 0 0 0 
    28	  179 178 180 147 	4    1 0	0 0 2 6 0 0 5 5 
    29	  169 167 170 172 	4    1 0	2 5 0 0 5 5 0 0 
    30	  165 170 167 171 	4    1 0	2 0 0 0 5 0 0 0 
    31	  170 165 173 174 	4    1 0	2 0 0 0 5 0 0 0 
    32	  157 173 165 174 	4    1 0	2 0 0 0 5 0 0 0 
    33	  173 157 176 175 	4    1 0	2 0 0 0 5 0 0 0 
    34	  152 176 157 175 	4    1 0	2 0 0 0 5 0 0 0 
    35	  176 152 178 177 	4    1 0	2 0 0 0 5 0 0 0 
    36	  146 178 152 177 	4    1 0	2 0 0 0 5 0 0 0 
    37	  178 146 147 149 	4    1 0	2 0 0 0 5 0 0 0 
    38	  145 147 146 149 	4    1 0	2 0 0 0 5 0 0 0 
    39	  167 162 165 168 	4    1 0	2 5 0 0 5 5 0 0 
    40	  165 156 157 159 	4    1 0	2 0 0 0 5 0 0 0 
    41	  155 157 156 159 	4    1 0	2 0 0 0 5 0 0 0 
    42	  157 155 152 158 	4    1 0	2 0 0 0 5 0 0 0 
    43	  154 152 155 158 	4    1 0	0 0 0 0 0 0 0 0 
    44	  152 141 146 153 	4    1 0	2 0 0 0 5 0 0 0 
    45	  142 146 141 153 	4    1 0	2 0 0 0 5 0 0 0 
    46	  146 142 145 148 	4    1 0	2 0 0 0 5 0 0 0 
    47	  143 145 142 148 	4    1 0	2 0 0 0 5 0 0 0 
    48	  163 162 168 164 	4    1 0	5 10 0 0 5 5 0 0 
    49	  189 192 191 248 	4    1 0	5 0 0 0 5 0 0 0 
    50	  248 192 195 194 	4    1 0	0 0 9 0 0 0 5 0 
    51	  195 256 253 249 	4    1 0	5 9 0 0 5 5 0 0 
    52	  256 254 262 255 	4    1 0	5 9 0 0 5 5 0 0 
    53	  168 167 172 171 	4    1 0	5 0 0 0 5 0 0 0 
    54	  172 169 188 187 	4    1 0	5 0 0 0 5 0 0 0 
    55	  188 186 190 247 	4    1 0	5 0 0 0 5 0 0 0 
    56	  190 189 191 248 	4    1 0	5 0 0 0 5 0 0 0 
    57	  191 195 253 248 	4    1 0	5 0 0 0 5 0 0 0 
    58	  253 256 262 252 	4    1 0	5 0 0 0 5 0 0 0 
    59	  172 188 267 268 	4    1 0	5 0 0 0 5 0 0 0 
    60	  188 190 264 247 	4    1 0	5 0 0 0 5 0 0 0 
    61	  190 191 253 248 	4    1 0	5 0 0 0 5 0 0 0 
    62	  253 262 264 259 	4    1 0	5 0 0 0 5 0 0 0 
    63	  267 188 264 265 	4    1 0	5 0 0 0 5 0 0 0 
    64	  247 253 264 259 	4    1 0	0 0 0 0 0 0 0 0 
    65	  269 262 264 263 	4    1 0	0 0 5 0 0 0 5 0 
    66	  264 274 267 265 	4    1 0	0 0 0 0 0 0 0 0 
    67	  264 263 266 269 	4    1 0	5 0 0 0 5 0 0 0 
    68	  214 203 206 205 	4    1 0	6 9 0 0 5 5 0 0 
    69	  220 214 218 222 	4    1 0	6 9 0 0 5 5 0 0 
    70	  145 143 144 148 	4    1 0	6 0 0 0 5 0 0 0 
    71	  147 145 151 149 	4    1 0	6 0 0 0 5 0 0 0 
    72	  178 179 180 226 	4    1 0	0 0 0 0 0 0 0 0 
    73	  181 180 216 215 	4    1 0	6 0 0 0 5 0 0 0 
    74	  204 203 206 181 	4    1 0	0 2 6 0 0 5 5 0 
    75	  214 206 218 207 	4    1 0	6 0 0 0 5 0 0 0 
    76	  148 151 145 149 	4    1 0	0 0 0 0 0 0 0 0 
    77	  147 151 179 149 	4    1 0	6 0 0 0 5 0 0 0 
    78	  180 179 216 226 	4    1 0	6 0 0 0 5 0 0 0 
    79	  181 216 206 215 	4    1 0	6 0 0 0 5 0 0 0 
    80	  218 206 216 215 	4    1 0	6 0 0 0 5 0 0 0 
    81	  179 151 217 227 	4    1 0	6 0 0 0 5 0 0 0 
    82	  219 216 217 225 	4    1 0	6 0 0 0 5 0 0 0 
    83	  218 216 219 225 	4    1 0	6 0 0 0 5 0 0 0 
    84	  216 179 217 226 	4    1 0	6 0 0 0 5 0 0 0 
    85	  255 256 249 252 	4    1 0	9 0 0 0 5 0 0 0 
    86	  249 195 194 248 	4    1 0	9 0 0 0 5 0 0 0 
    87	  194 193 199 248 	4    1 0	9 0 0 0 5 0 0 0 
    88	  199 198 210 213 	4    1 0	9 0 0 0 5 0 0 0 
    89	  210 201 209 211 	4    1 0	9 0 0 0 5 0 0 0 
    90	  209 202 205 208 	4    1 0	9 0 0 0 5 0 0 0 
    91	  205 214 222 207 	4    1 0	9 0 0 0 5 0 0 0 
    92	  222 220 221 224 	4    1 0	9 0 0 0 5 0 0 0 
    93	  255 249 250 252 	4    1 0	9 0 0 0 5 0 0 0 
    94	  249 194 199 248 	4    1 0	9 0 0 0 5 0 0 0 
    95	  199 210 250 213 	4    1 0	9 0 0 0 5 0 0 0 
    96	  210 209 236 212 	4    1 0	9 0 0 0 5 0 0 0 
    97	  208 205 209 222 	4    1 0	0 0 9 0 0 0 5 0 
    98	  235 222 221 224 	4    1 0	0 0 0 0 0 0 0 0 
    99	  251 255 250 258 	4    1 0	9 0 0 0 5 0 0 0 
   100	  250 248 249 199 	4    1 0	0 0 0 9 0 0 0 5 
   101	  250 210 236 237 	4    1 0	9 0 0 0 5 0 0 0 
   102	  222 212 236 209 	4    1 0	0 0 0 9 0 0 0 5 
   103	  251 250 239 258 	4    1 0	9 0 0 0 5 0 0 0 
   104	  250 236 239 238 	4    1 0	9 0 0 0 5 0 0 0 
   105	  165 162 164 168 	4    1 0	0 0 0 0 0 0 0 0 
   106	  155 156 160 159 	4    1 0	10 0 0 0 5 0 0 0 
   107	  154 155 152 141 	4    1 0	0 10 2 0 0 5 5 0 
   108	  156 164 160 159 	4    1 0	10 0 0 0 5 0 0 0 
   109	  155 160 154 158 	4    1 0	10 0 0 0 5 0 0 0 
   110	  192 248 193 194 	4    1 0	0 0 0 9 0 0 0 5 
   111	  196 248 189 190 	4    1 0	0 0 0 0 0 0 0 0 
   112	  193 248 196 199 	4    1 0	0 0 0 0 0 0 0 0 
   113	  198 199 196 213 	4    1 0	0 0 0 0 0 0 0 0 
   114	  197 213 196 245 	4    1 0	0 0 0 0 0 0 0 0 
   115	  211 213 198 197 	4    1 0	0 0 0 0 0 0 0 0 
   116	  211 198 201 197 	4    1 0	0 0 2 0 0 0 5 0 
   117	  200 211 197 242 	4    1 0	0 0 0 0 0 0 0 0 
   118	  208 211 201 200 	4    1 0	0 0 0 0 0 0 0 0 
   119	  208 201 202 200 	4    1 0	0 0 2 0 0 0 5 0 
   120	  204 208 200 228 	4    1 0	0 0 0 0 0 0 0 0 
   121	  202 208 204 205 	4    1 0	0 0 0 0 0 0 0 0 
   122	  203 204 206 205 	4    1 0	0 0 0 0 0 0 0 0 
   123	  196 190 186 247 	4    1 0	0 0 0 0 0 0 0 0 
   124	  185 247 186 188 	4    1 0	0 0 0 0 0 0 0 0 
   125	  196 247 185 245 	4    1 0	0 0 0 0 0 0 0 0 
   126	  184 245 185 246 	4    1 0	0 0 0 0 0 0 0 0 
   127	  197 245 184 242 	4    1 0	0 0 0 0 0 0 0 0 
   128	  183 242 184 244 	4    1 0	0 0 0 0 0 0 0 0 
   129	  200 242 183 228 	4    1 0	0 0 0 0 0 0 0 0 
   130	  182 228 183 229 	4    1 0	0 0 0 0 0 0 0 0 
   131	  204 228 182 215 	4    1 0	0 0 0 0 0 0 0 0 
   132	  204 215 181 206 	4    1 0	0 0 0 0 0 0 0 0 
   133	  180 215 182 226 	4    1 0	0 0 0 0 0 0 0 0 
   134	  185 188 169 187 	4    1 0	0 0 0 0 0 0 0 0 
   135	  170 187 169 172 	4    1 0	0 0 0 0 0 0 0 0 
   136	  185 187 170 246 	4    1 0	0 0 0 0 0 0 0 0 
   137	  173 246 170 174 	4    1 0	0 0 0 0 0 0 0 0 
   138	  184 246 173 244 	4    1 0	0 0 0 0 0 0 0 0 
   139	  176 244 173 175 	4    1 0	0 0 0 0 0 0 0 0 
   140	  183 244 176 229 	4    1 0	0 0 0 0 0 0 0 0 
   141	  178 229 176 177 	4    1 0	0 0 0 0 0 0 0 0 
   142	  182 229 178 226 	4    1 0	0 0 0 0 0 0 0 0 
   143	  178 147 179 149 	4    1 0	0 0 0 0 0 0 0 0 
   144	  170 172 167 171 	4    1 0	0 0 0 0 0 0 0 0 
   145	  165 171 167 168 	4    1 0	0 0 0 0 0 0 0 0 
   146	  170 171 165 174 	4    1 0	0 0 0 0 0 0 0 0 
   147	  157 174 165 159 	4    1 0	0 0 0 0 0 0 0 0 
   148	  173 174 157 175 	4    1 0	0 0 0 0 0 0 0 0 
   149	  152 175 157 158 	4    1 0	0 0 0 0 0 0 0 0 
   150	  176 175 152 177 	4    1 0	0 0 0 0 0 0 0 0 
   151	  146 177 152 153 	4    1 0	0 0 0 0 0 0 0 0 
   152	  178 177 146 149 	4    1 0	0 0 0 0 0 0 0 0 
   153	  145 149 146 148 	4    1 0	0 0 0 0 0 0 0 0 
   154	  162 165 164 156 	4    1 0	0 2 0 10 0 5 0 5 
   155	  156 159 165 164 	4    1 0	0 0 0 0 0 0 0 0 
   156	  157 159 155 158 	4    1 0	0 0 0 0 0 0 0 0 
   157	  154 153 141 152 	4    1 0	0 0 0 0 0 0 0 0 
   158	  146 153 142 148 	4    1 0	0 0 0 0 0 0 0 0 
   159	  192 248 195 191 	4    1 0	0 0 0 5 0 0 0 5 
   160	  253 249 256 252 	4    1 0	0 0 0 0 0 0 0 0 
   161	  195 249 253 248 	4    1 0	0 0 0 0 0 0 0 0 
   162	  262 255 254 261 	4    1 0	0 0 0 0 0 0 0 0 
   163	  256 255 262 252 	4    1 0	0 0 0 0 0 0 0 0 
   164	  172 187 188 268 	4    1 0	0 0 0 0 0 0 0 0 
   165	  253 252 262 259 	4    1 0	0 0 0 0 0 0 0 0 
   166	  267 268 188 265 	4    1 0	0 0 0 0 0 0 0 0 
   167	  253 247 264 190 	4    1 0	0 0 0 5 0 0 0 5 
   168	  188 247 264 265 	4    1 0	0 0 0 0 0 0 0 0 
   169	  190 248 253 247 	4    1 0	0 0 0 0 0 0 0 0 
   170	  262 261 263 269 	4    1 0	0 0 0 0 0 0 0 0 
   171	  274 264 267 266 	4    1 0	0 0 5 0 0 0 5 0 
   172	  262 269 264 259 	4    1 0	0 0 0 0 0 0 0 0 
   173	  266 275 267 274 	4    1 0	0 0 0 0 0 0 0 0 
   174	  214 205 206 207 	4    1 0	0 0 0 0 0 0 0 0 
   175	  218 222 214 207 	4    1 0	0 0 0 0 0 0 0 0 
   176	  220 222 218 224 	4    1 0	0 0 0 0 0 0 0 0 
   177	  151 148 145 144 	4    1 0	0 0 0 6 0 0 0 5 
   178	  216 215 180 226 	4    1 0	0 0 0 0 0 0 0 0 
   179	  218 207 206 215 	4    1 0	0 0 0 0 0 0 0 0 
   180	  179 149 151 227 	4    1 0	0 0 0 0 0 0 0 0 
   181	  218 215 216 225 	4    1 0	0 0 0 0 0 0 0 0 
   182	  179 227 217 226 	4    1 0	0 0 0 0 0 0 0 0 
   183	  217 225 216 226 	4    1 0	0 0 0 0 0 0 0 0 
   184	  210 211 209 212 	4    1 0	0 0 0 0 0 0 0 0 
   185	  205 208 207 222 	4    1 0	0 0 0 0 0 0 0 0 
   186	  251 261 255 258 	4    1 0	0 0 0 0 0 0 0 0 
   187	  248 250 252 257 	4    1 0	0 0 0 0 0 0 0 0 
   188	  255 252 250 258 	4    1 0	0 0 0 0 0 0 0 0 
   189	  250 213 210 237 	4    1 0	0 0 0 0 0 0 0 0 
   190	  213 250 248 257 	4    1 0	0 0 0 0 0 0 0 0 
   191	  222 236 212 223 	4    1 0	0 0 0 0 0 0 0 0 
   192	  210 212 236 237 	4    1 0	0 0 0 0 0 0 0 0 
   193	  208 222 223 207 	4    1 0	0 0 0 0 0 0 0 0 
   194	  235 221 222 236 	4    1 0	0 0 9 0 0 0 5 0 
   195	  235 223 236 222 	4    1 0	0 0 0 0 0 0 0 0 
   196	  250 237 236 238 	4    1 0	0 0 0 0 0 0 0 0 
   197	  239 258 250 238 	4    1 0	0 0 0 0 0 0 0 0 
   198	  239 238 236 235 	4    1 0	0 0 0 0 0 0 0 0 
   199	  155 159 160 158 	4    1 0	0 0 0 0 0 0 0 0 
   200	  153 154 158 152 	4    1 0	0 0 0 0 0 0 0 0 
   201	  160 159 164 166 	4    1 0	0 0 0 0 0 0 0 0 
   202	  248 190 196 247 	4    1 0	0 0 0 0 0 0 0 0 
   203	  196 199 248 213 	4    1 0	0 0 0 0 0 0 0 0 
   204	  196 245 213 248 	4    1 0	0 0 0 0 0 0 0 0 
   205	  213 245 197 242 	4    1 0	0 0 0 0 0 0 0 0 
   206	  213 211 198 210 	4    1 0	0 0 0 0 0 0 0 0 
   207	  197 242 211 213 	4    1 0	0 0 0 0 0 0 0 0 
   208	  211 242 200 228 	4    1 0	0 0 0 0 0 0 0 0 
   209	  211 208 201 209 	4    1 0	0 0 0 0 0 0 0 0 
   210	  200 228 208 211 	4    1 0	0 0 0 0 0 0 0 0 
   211	  208 228 204 215 	4    1 0	0 0 0 0 0 0 0 0 
   212	  204 205 208 207 	4    1 0	0 0 0 0 0 0 0 0 
   213	  204 206 205 207 	4    1 0	0 0 0 0 0 0 0 0 
   214	  247 188 185 187 	4    1 0	0 0 0 0 0 0 0 0 
   215	  185 245 247 246 	4    1 0	0 0 0 0 0 0 0 0 
   216	  247 245 196 248 	4    1 0	0 0 0 0 0 0 0 0 
   217	  245 246 184 244 	4    1 0	0 0 0 0 0 0 0 0 
   218	  184 242 245 244 	4    1 0	0 0 0 0 0 0 0 0 
   219	  242 244 183 228 	4    1 0	0 0 0 0 0 0 0 0 
   220	  183 229 228 244 	4    1 0	0 0 0 0 0 0 0 0 
   221	  228 229 182 226 	4    1 0	0 0 0 0 0 0 0 0 
   222	  182 215 228 226 	4    1 0	0 0 0 0 0 0 0 0 
   223	  215 206 204 207 	4    1 0	0 0 0 0 0 0 0 0 
   224	  187 172 170 171 	4    1 0	0 0 0 0 0 0 0 0 
   225	  170 246 187 174 	4    1 0	0 0 0 0 0 0 0 0 
   226	  187 246 185 247 	4    1 0	0 0 0 0 0 0 0 0 
   227	  246 174 173 244 	4    1 0	0 0 0 0 0 0 0 0 
   228	  173 175 244 174 	4    1 0	0 0 0 0 0 0 0 0 
   229	  244 175 176 177 	4    1 0	0 0 0 0 0 0 0 0 
   230	  176 229 244 177 	4    1 0	0 0 0 0 0 0 0 0 
   231	  229 177 178 227 	4    1 0	0 0 0 0 0 0 0 0 
   232	  178 226 229 227 	4    1 0	0 0 0 0 0 0 0 0 
   233	  227 178 226 179 	4    1 0	0 0 0 0 0 0 0 0 
   234	  171 168 165 166 	4    1 0	0 0 0 0 0 0 0 0 
   235	  166 165 171 174 	4    1 0	0 0 0 0 0 0 0 0 
   236	  171 174 170 187 	4    1 0	0 0 0 0 0 0 0 0 
   237	  174 159 157 158 	4    1 0	0 0 0 0 0 0 0 0 
   238	  157 175 174 158 	4    1 0	0 0 0 0 0 0 0 0 
   239	  175 158 152 153 	4    1 0	0 0 0 0 0 0 0 0 
   240	  152 177 175 153 	4    1 0	0 0 0 0 0 0 0 0 
   241	  148 177 146 153 	4    1 0	0 0 0 0 0 0 0 0 
   242	  177 149 178 227 	4    1 0	0 0 0 0 0 0 0 0 
   243	  177 148 146 149 	4    1 0	0 0 0 0 0 0 0 0 
   244	  168 164 165 166 	4    1 0	0 0 0 0 0 0 0 0 
   245	  165 164 159 166 	4    1 0	0 0 0 0 0 0 0 0 
   246	  249 252 253 248 	4    1 0	0 0 0 0 0 0 0 0 
   247	  255 261 262 252 	4    1 0	0 0 0 0 0 0 0 0 
   248	  188 268 187 265 	4    1 0	0 0 0 0 0 0 0 0 
   249	  187 268 172 171 	4    1 0	0 0 0 0 0 0 0 0 
   250	  262 259 252 261 	4    1 0	0 0 0 0 0 0 0 0 
   251	  252 259 253 248 	4    1 0	0 0 0 0 0 0 0 0 
   252	  268 265 267 274 	4    1 0	0 0 0 0 0 0 0 0 
   253	  272 264 247 265 	4    1 0	0 0 0 0 0 0 0 0 
   254	  247 265 188 187 	4    1 0	0 0 0 0 0 0 0 0 
   255	  253 247 248 259 	4    1 0	0 0 0 0 0 0 0 0 
   256	  261 269 262 259 	4    1 0	0 0 0 0 0 0 0 0 
   257	  274 266 269 264 	4    1 0	0 0 0 0 0 0 0 0 
   258	  267 274 275 268 	4    1 0	0 0 0 0 0 0 0 0 
   259	  275 274 266 269 	4    1 0	0 0 0 0 0 0 0 0 
   260	  223 218 222 224 	4    1 0	0 0 0 0 0 0 0 0 
   261	  178 227 149 179 	4    1 0	0 0 0 0 0 0 0 0 
   262	  215 226 216 225 	4    1 0	0 0 0 0 0 0 0 0 
   263	  223 218 215 207 	4    1 0	0 0 0 0 0 0 0 0 
   264	  149 148 151 150 	4    1 0	0 0 0 0 0 0 0 0 
   265	  151 227 149 150 	4    1 0	0 0 0 0 0 0 0 0 
   266	  218 225 224 223 	4    1 0	0 0 0 0 0 0 0 0 
   267	  217 226 227 225 	4    1 0	0 0 0 0 0 0 0 0 
   268	  209 212 211 208 	4    1 0	0 0 0 0 0 0 0 0 
   269	  211 212 210 237 	4    1 0	0 0 0 0 0 0 0 0 
   270	  208 222 212 223 	4    1 0	0 0 0 0 0 0 0 0 
   271	  255 258 261 252 	4    1 0	0 0 0 0 0 0 0 0 
   272	  250 248 252 249 	4    1 0	0 0 0 0 0 0 0 0 
   273	  252 257 250 258 	4    1 0	0 0 0 0 0 0 0 0 
   274	  250 213 248 199 	4    1 0	0 0 0 0 0 0 0 0 
   275	  210 237 213 211 	4    1 0	0 0 0 0 0 0 0 0 
   276	  213 237 250 257 	4    1 0	0 0 0 0 0 0 0 0 
   277	  222 208 212 209 	4    1 0	0 0 0 0 0 0 0 0 
   278	  212 223 236 233 	4    1 0	0 0 0 0 0 0 0 0 
   279	  236 237 212 233 	4    1 0	0 0 0 0 0 0 0 0 
   280	  218 223 222 207 	4    1 0	0 0 0 0 0 0 0 0 
   281	  223 235 224 222 	4    1 0	0 0 0 0 0 0 0 0 
   282	  236 238 237 233 	4    1 0	0 0 0 0 0 0 0 0 
   283	  237 238 250 257 	4    1 0	0 0 0 0 0 0 0 0 
   284	  250 238 258 257 	4    1 0	0 0 0 0 0 0 0 0 
   285	  236 235 238 233 	4    1 0	0 0 0 0 0 0 0 0 
   286	  160 158 159 161 	4    1 0	0 0 0 0 0 0 0 0 
   287	  159 166 160 161 	4    1 0	0 0 0 0 0 0 0 0 
   288	  213 248 245 257 	4    1 0	0 0 0 0 0 0 0 0 
   289	  245 242 213 257 	4    1 0	0 0 0 0 0 0 0 0 
   290	  211 213 242 237 	4    1 0	0 0 0 0 0 0 0 0 
   291	  237 228 211 212 	4    1 0	0 0 0 0 0 0 0 0 
   292	  208 211 228 212 	4    1 0	0 0 0 0 0 0 0 0 
   293	  208 215 204 207 	4    1 0	0 0 0 0 0 0 0 0 
   294	  228 215 208 223 	4    1 0	0 0 0 0 0 0 0 0 
   295	  247 246 245 272 	4    1 0	0 0 0 0 0 0 0 0 
   296	  245 248 247 257 	4    1 0	0 0 0 0 0 0 0 0 
   297	  246 244 245 277 	4    1 0	0 0 0 0 0 0 0 0 
   298	  245 244 242 277 	4    1 0	0 0 0 0 0 0 0 0 
   299	  244 228 242 241 	4    1 0	0 0 0 0 0 0 0 0 
   300	  228 244 229 241 	4    1 0	0 0 0 0 0 0 0 0 
   301	  229 226 228 230 	4    1 0	0 0 0 0 0 0 0 0 
   302	  225 228 226 230 	4    1 0	0 0 0 0 0 0 0 0 
   303	  187 174 246 268 	4    1 0	0 0 0 0 0 0 0 0 
   304	  246 247 187 265 	4    1 0	0 0 0 0 0 0 0 0 
   305	  174 244 246 276 	4    1 0	0 0 0 0 0 0 0 0 
   306	  244 174 175 276 	4    1 0	0 0 0 0 0 0 0 0 
   307	  175 177 244 243 	4    1 0	0 0 0 0 0 0 0 0 
   308	  244 177 229 243 	4    1 0	0 0 0 0 0 0 0 0 
   309	  177 227 229 231 	4    1 0	0 0 0 0 0 0 0 0 
   310	  229 227 226 230 	4    1 0	0 0 0 0 0 0 0 0 
   311	  165 166 159 174 	4    1 0	0 0 0 0 0 0 0 0 
   312	  174 187 171 268 	4    1 0	0 0 0 0 0 0 0 0 
   313	  159 158 174 161 	4    1 0	0 0 0 0 0 0 0 0 
   314	  187 265 268 246 	4    1 0	0 0 0 0 0 0 0 0 
   315	  252 261 259 258 	4    1 0	0 0 0 0 0 0 0 0 
   316	  259 248 252 257 	4    1 0	0 0 0 0 0 0 0 0 
   317	  264 272 247 259 	4    1 0	0 0 0 0 0 0 0 0 
   318	  248 259 247 257 	4    1 0	0 0 0 0 0 0 0 0 
   319	  269 259 261 260 	4    1 0	0 0 0 0 0 0 0 0 
   320	  274 272 265 264 	4    1 0	0 0 0 0 0 0 0 0 
   321	  272 269 259 264 	4    1 0	0 0 0 0 0 0 0 0 
   322	  274 269 275 271 	4    1 0	0 0 0 0 0 0 0 0 
   323	  225 226 228 215 	4    1 0	0 0 0 0 0 0 0 0 
   324	  218 223 215 225 	4    1 0	0 0 0 0 0 0 0 0 
   325	  177 150 148 149 	4    1 0	0 0 0 0 0 0 0 0 
   326	  150 149 177 227 	4    1 0	0 0 0 0 0 0 0 0 
   327	  224 223 225 232 	4    1 0	0 0 0 0 0 0 0 0 
   328	  227 225 226 230 	4    1 0	0 0 0 0 0 0 0 0 
   329	  228 237 211 242 	4    1 0	0 0 0 0 0 0 0 0 
   330	  207 223 208 215 	4    1 0	0 0 0 0 0 0 0 0 
   331	  257 258 252 259 	4    1 0	0 0 0 0 0 0 0 0 
   332	  237 257 213 242 	4    1 0	0 0 0 0 0 0 0 0 
   333	  212 208 223 228 	4    1 0	0 0 0 0 0 0 0 0 
   334	  236 233 223 235 	4    1 0	0 0 0 0 0 0 0 0 
   335	  228 233 212 237 	4    1 0	0 0 0 0 0 0 0 0 
   336	  235 223 224 232 	4    1 0	0 0 0 0 0 0 0 0 
   337	  237 233 238 241 	4    1 0	0 0 0 0 0 0 0 0 
   338	  238 257 237 240 	4    1 0	0 0 0 0 0 0 0 0 
   339	  270 257 238 240 	4    1 0	0 0 0 0 0 0 0 0 
   340	  238 233 235 234 	4    1 0	0 0 0 0 0 0 0 0 
   341	  225 223 215 228 	4    1 0	0 0 0 0 0 0 0 0 
   342	  245 272 246 277 	4    1 0	0 0 0 0 0 0 0 0 
   343	  247 272 245 257 	4    1 0	0 0 0 0 0 0 0 0 
   344	  246 272 247 265 	4    1 0	0 0 0 0 0 0 0 0 
   345	  244 277 246 276 	4    1 0	0 0 0 0 0 0 0 0 
   346	  242 277 244 241 	4    1 0	0 0 0 0 0 0 0 0 
   347	  257 242 277 245 	4    1 0	0 0 0 0 0 0 0 0 
   348	  229 241 244 243 	4    1 0	0 0 0 0 0 0 0 0 
   349	  228 241 229 230 	4    1 0	0 0 0 0 0 0 0 0 
   350	  246 268 174 276 	4    1 0	0 0 0 0 0 0 0 0 
   351	  244 276 175 243 	4    1 0	0 0 0 0 0 0 0 0 
   352	  229 243 177 231 	4    1 0	0 0 0 0 0 0 0 0 
   353	  229 231 227 230 	4    1 0	0 0 0 0 0 0 0 0 
   354	  150 231 227 177 	4    1 0	0 0 0 0 0 0 0 0 
   355	  166 174 161 159 	4    1 0	0 0 0 0 0 0 0 0 
   356	  268 246 265 276 	4    1 0	0 0 0 0 0 0 0 0 
   357	  259 258 261 260 	4    1 0	0 0 0 0 0 0 0 0 
   358	  275 268 274 276 	4    1 0	0 0 0 0 0 0 0 0 
   359	  268 274 276 265 	4    1 0	0 0 0 0 0 0 0 0 
   360	  259 272 247 257 	4    1 0	0 0 0 0 0 0 0 0 
   361	  259 260 269 273 	4    1 0	0 0 0 0 0 0 0 0 
   362	  271 272 269 273 	4    1 0	0 0 0 0 0 0 0 0 
   363	  265 272 274 276 	4    1 0	0 0 0 0 0 0 0 0 
   364	  269 272 259 273 	4    1 0	0 0 0 0 0 0 0 0 
   365	  275 271 276 274 	4    1 0	0 0 0 0 0 0 0 0 
   366	  272 271 269 274 	4    1 0	0 0 0 0 0 0 0 0 
   367	  232 228 225 230 	4    1 0	0 0 0 0 0 0 0 0 
   368	  228 232 225 223 	4    1 0	0 0 0 0 0 0 0 0 
   369	  228 237 242 241 	4    1 0	0 0 0 0 0 0 0 0 
   370	  258 259 257 273 	4    1 0	0 0 0 0 0 0 0 0 
   371	  257 242 237 240 	4    1 0	0 0 0 0 0 0 0 0 
   372	  228 212 233 223 	4    1 0	0 0 0 0 0 0 0 0 
   373	  223 235 233 232 	4    1 0	0 0 0 0 0 0 0 0 
   374	  228 232 223 233 	4    1 0	0 0 0 0 0 0 0 0 
   375	  233 228 241 237 	4    1 0	0 0 0 0 0 0 0 0 
   376	  234 238 241 270 	4    1 0	0 0 0 0 0 0 0 0 
   377	  237 241 238 240 	4    1 0	0 0 0 0 0 0 0 0 
   378	  257 270 238 258 	4    1 0	0 0 0 0 0 0 0 0 
   379	  235 234 233 232 	4    1 0	0 0 0 0 0 0 0 0 
   380	  242 257 277 240 	4    1 0	0 0 0 0 0 0 0 0 
   381	  246 277 272 276 	4    1 0	0 0 0 0 0 0 0 0 
   382	  272 277 245 257 	4    1 0	0 0 0 0 0 0 0 0 
   383	  272 265 246 276 	4    1 0	0 0 0 0 0 0 0 0 
   384	  277 276 244 243 	4    1 0	0 0 0 0 0 0 0 0 
   385	  244 241 277 243 	4    1 0	0 0 0 0 0 0 0 0 
   386	  277 241 242 240 	4    1 0	0 0 0 0 0 0 0 0 
   387	  241 243 229 231 	4    1 0	0 0 0 0 0 0 0 0 
   388	  229 230 241 231 	4    1 0	0 0 0 0 0 0 0 0 
   389	  241 230 228 232 	4    1 0	0 0 0 0 0 0 0 0 
   390	  258 260 259 273 	4    1 0	0 0 0 0 0 0 0 0 
   391	  272 257 259 273 	4    1 0	0 0 0 0 0 0 0 0 
   392	  242 241 237 240 	4    1 0	0 0 0 0 0 0 0 0 
   393	  232 228 241 233 	4    1 0	0 0 0 0 0 0 0 0 
   394	  233 241 232 234 	4    1 0	0 0 0 0 0 0 0 0 
   395	  238 234 241 233 	4    1 0	0 0 0 0 0 0 0 0 
   396	  241 270 238 240 	4    1 0	0 0 0 0 0 0 0 0 
   397	  270 258 257 273 	4    1 0	0 0 0 0 0 0 0 0 
   398	  270 277 273 257 	4    1 0	0 0 0 0 0 0 0 0 
   399	  270 260 258 273 	4    1 0	0 0 0 0 0 0 0 0 
   400	  270 241 277 240 	4    1 0	0 0 0 0 0 0 0 0 
   401	  272 276 271 274 	4    1 0	0 0 0 0 0 0 0 0 
   402	  276 272 271 277 	4    1 0	0 0 0 0 0 0 0 0 
   403	  273 271 272 277 	4    1 0	0 0 0 0 0 0 0 0 
   404	  277 270 240 257 	4    1 0	0 0 0 0 0 0 0 0 
   405	  257 277 273 272 	4    1 0	0 0 0 0 0 0 0 0 
   406	  271 270 277 273 	4    1 0	0 0 0 0 0 0 0 0 
   407	  272 274 269 264 	4    1 0	0 0 0 0 0 0 0 0 
   408	   20 69 70 9 	4    2 1	0 0 11 0 0 0 5 0 
   409	   70 72 71 20 	4    2 1	3 0 0 0 5 0 0 0 
   410	   21 74 70 72 	4    2 1	0 0 3 0 0 0 5 0 
   411	   74 77 72 21 	4    2 1	3 0 0 0 5 0 0 0 
   412	   77 74 78 15 	4    2 1	3 0 11 0 5 0 5 0 
   413	   78 86 77 34 	4    2 1	3 0 0 0 5 0 0 0 
   414	   80 92 78 86 	4    2 1	0 0 3 0 0 0 5 0 
   415	   92 105 86 80 	4    2 1	3 0 0 0 5 0 0 0 
   416	  104 120 105 103 	4    2 1	3 8 0 0 5 5 0 0 
   417	   23 73 71 22 	4    2 1	0 0 7 0 0 0 5 0 
   418	   72 76 73 23 	4    2 1	3 0 0 0 5 0 0 0 
   419	   76 72 77 31 	4    2 1	3 0 0 0 5 0 0 0 
   420	   77 85 76 31 	4    2 1	3 0 0 0 5 0 0 0 
   421	   85 77 86 35 	4    2 1	3 0 0 0 5 0 0 0 
   422	   86 106 85 35 	4    2 1	3 0 0 0 5 0 0 0 
   423	  106 86 105 97 	4    2 1	3 0 0 0 5 0 0 0 
   424	  105 119 106 97 	4    2 1	3 0 0 0 5 0 0 0 
   425	  119 105 120 102 	4    2 1	3 0 0 0 5 0 0 0 
   426	  118 119 120 102 	4    2 1	0 0 0 0 0 0 0 0 
   427	   75 73 76 25 	4    2 1	3 7 0 0 5 5 0 0 
   428	   76 84 75 41 	4    2 1	3 0 0 0 5 0 0 0 
   429	   84 76 85 42 	4    2 1	3 0 0 0 5 0 0 0 
   430	   85 89 84 42 	4    2 1	3 0 0 0 5 0 0 0 
   431	   89 85 106 65 	4    2 1	3 0 0 0 5 0 0 0 
   432	  106 109 89 65 	4    2 1	3 0 0 0 5 0 0 0 
   433	  109 106 119 108 	4    2 1	3 0 0 0 5 0 0 0 
   434	  119 126 109 108 	4    2 1	3 0 0 0 5 0 0 0 
   435	  126 119 125 121 	4    2 1	3 0 0 0 5 0 0 0 
   436	  125 127 126 121 	4    2 1	3 0 0 0 5 0 0 0 
   437	   52 82 75 44 	4    2 1	0 0 7 0 0 0 5 0 
   438	   84 87 82 52 	4    2 1	3 0 0 0 5 0 0 0 
   439	   87 84 89 58 	4    2 1	3 0 0 0 5 0 0 0 
   440	   89 90 87 58 	4    2 1	3 0 0 0 5 0 0 0 
   441	   90 89 109 66 	4    2 1	3 0 0 0 5 0 0 0 
   442	  109 113 90 66 	4    2 1	3 0 0 0 5 0 0 0 
   443	  113 109 126 112 	4    2 1	3 0 0 0 5 0 0 0 
   444	  126 137 113 112 	4    2 1	3 0 0 0 5 0 0 0 
   445	  137 126 127 123 	4    2 1	3 0 0 0 5 0 0 0 
   446	  127 140 137 123 	4    2 1	3 0 0 0 5 0 0 0 
   447	   87 88 83 56 	4    2 1	3 0 12 0 5 0 5 0 
   448	   88 87 90 57 	4    2 1	3 0 0 0 5 0 0 0 
   449	   61 90 88 91 	4    2 1	0 0 3 12 0 0 5 5 
   450	   91 90 113 67 	4    2 1	3 0 0 0 5 0 0 0 
   451	  113 136 91 67 	4    2 1	3 0 0 0 5 0 0 0 
   452	  136 113 137 131 	4    2 1	3 0 0 0 5 0 0 0 
   453	  137 139 136 131 	4    2 1	3 0 0 0 5 0 0 0 
   454	  139 137 140 135 	4    2 1	3 0 0 0 5 0 0 0 
   455	  140 138 139 135 	4    2 1	3 0 0 0 5 0 0 0 
   456	   83 50 51 56 	4    2 1	7 12 0 0 5 5 0 0 
   457	   50 48 49 55 	4    2 1	7 12 0 0 5 5 0 0 
   458	    0 2 3 1 	4    2 1	7 11 0 0 5 5 0 0 
   459	    2 4 5 7 	4    2 1	7 11 0 0 5 5 0 0 
   460	   20 69 4 6 	4    2 1	0 0 7 0 0 0 5 0 
   461	   69 71 6 20 	4    2 1	7 0 0 0 5 0 0 0 
   462	   87 83 51 56 	4    2 1	0 0 0 0 0 0 0 0 
   463	   51 50 49 53 	4    2 1	7 0 0 0 5 0 0 0 
   464	    3 2 5 8 	4    2 1	7 0 0 0 5 0 0 0 
   465	    5 4 6 20 	4    2 1	7 0 0 0 5 0 0 0 
   466	    6 71 22 20 	4    2 1	7 0 0 0 5 0 0 0 
   467	   22 73 25 23 	4    2 1	7 0 0 0 5 0 0 0 
   468	   25 75 44 41 	4    2 1	7 0 0 0 5 0 0 0 
   469	   44 82 51 52 	4    2 1	7 0 0 0 5 0 0 0 
   470	   51 49 44 52 	4    2 1	7 0 0 0 5 0 0 0 
   471	    3 5 16 8 	4    2 1	7 0 0 0 5 0 0 0 
   472	    5 6 22 20 	4    2 1	7 0 0 0 5 0 0 0 
   473	   22 25 24 26 	4    2 1	7 0 0 0 5 0 0 0 
   474	   44 27 24 40 	4    2 1	7 0 0 0 5 0 0 0 
   475	   44 49 27 40 	4    2 1	7 0 0 0 5 0 0 0 
   476	   16 5 22 19 	4    2 1	7 0 0 0 5 0 0 0 
   477	   16 22 24 26 	4    2 1	7 0 0 0 5 0 0 0 
   478	   25 44 24 41 	4    2 1	7 0 0 0 5 0 0 0 
   479	   16 24 17 18 	4    2 1	7 0 0 0 5 0 0 0 
   480	   24 27 17 40 	4    2 1	7 0 0 0 5 0 0 0 
   481	  119 118 120 125 	4    2 1	0 0 8 3 0 0 5 5 
   482	  127 125 122 121 	4    2 1	8 0 0 0 5 0 0 0 
   483	  140 127 124 123 	4    2 1	8 0 0 0 5 0 0 0 
   484	  138 140 134 135 	4    2 1	8 0 0 0 5 0 0 0 
   485	  135 138 133 134 	4    2 1	0 0 8 0 0 0 5 0 
   486	  104 94 103 93 	4    2 1	8 11 0 0 5 5 0 0 
   487	  120 103 118 102 	4    2 1	8 0 0 0 5 0 0 0 
   488	  125 118 122 121 	4    2 1	8 0 0 0 5 0 0 0 
   489	  127 122 124 123 	4    2 1	8 0 0 0 5 0 0 0 
   490	  140 124 134 135 	4    2 1	8 0 0 0 5 0 0 0 
   491	  133 134 128 135 	4    2 1	8 0 0 0 5 0 0 0 
   492	   94 100 103 95 	4    2 1	8 0 0 0 5 0 0 0 
   493	  118 103 100 102 	4    2 1	8 0 0 0 5 0 0 0 
   494	  121 118 122 115 	4    2 1	0 0 8 0 0 0 5 0 
   495	  124 122 117 123 	4    2 1	8 0 0 0 5 0 0 0 
   496	  134 124 128 135 	4    2 1	8 0 0 0 5 0 0 0 
   497	  118 100 115 99 	4    2 1	8 0 0 0 5 0 0 0 
   498	  122 115 117 114 	4    2 1	8 0 0 0 5 0 0 0 
   499	  123 128 117 124 	4    2 1	0 0 8 0 0 0 5 0 
   500	  105 104 93 92 	4    2 1	0 3 11 0 0 5 5 0 
   501	    9 4 7 20 	4    2 1	11 0 0 0 5 0 0 0 
   502	    7 2 1 8 	4    2 1	11 0 0 0 5 0 0 0 
   503	   93 92 79 80 	4    2 1	11 0 0 0 5 0 0 0 
   504	   79 78 15 34 	4    2 1	11 0 0 0 5 0 0 0 
   505	   15 74 14 21 	4    2 1	11 0 0 0 5 0 0 0 
   506	   14 70 9 20 	4    2 1	11 0 0 0 5 0 0 0 
   507	    9 7 14 20 	4    2 1	11 0 0 0 5 0 0 0 
   508	    7 1 10 8 	4    2 1	11 0 0 0 5 0 0 0 
   509	   79 15 13 34 	4    2 1	11 0 0 0 5 0 0 0 
   510	   14 10 13 28 	4    2 1	11 0 0 0 5 0 0 0 
   511	   14 7 10 28 	4    2 1	11 0 0 0 5 0 0 0 
   512	   12 79 13 81 	4    2 1	11 0 0 0 5 0 0 0 
   513	   15 14 13 28 	4    2 1	11 0 0 0 5 0 0 0 
   514	   12 13 11 33 	4    2 1	11 0 0 0 5 0 0 0 
   515	   13 10 11 28 	4    2 1	11 0 0 0 5 0 0 0 
   516	  139 138 132 135 	4    2 1	12 0 0 0 5 0 0 0 
   517	  136 139 130 131 	4    2 1	12 0 0 0 5 0 0 0 
   518	   91 136 68 67 	4    2 1	12 0 0 0 5 0 0 0 
   519	   90 61 88 57 	4    2 1	0 0 0 0 0 0 0 0 
   520	  139 132 130 135 	4    2 1	12 0 0 0 5 0 0 0 
   521	  136 130 68 131 	4    2 1	12 0 0 0 5 0 0 0 
   522	   91 68 61 67 	4    2 1	12 0 0 0 5 0 0 0 
   523	   88 61 56 57 	4    2 1	12 0 0 0 5 0 0 0 
   524	   50 56 55 53 	4    2 1	12 0 0 0 5 0 0 0 
   525	  133 129 132 135 	4    2 1	12 0 0 0 5 0 0 0 
   526	  130 132 129 135 	4    2 1	12 0 0 0 5 0 0 0 
   527	   61 68 59 60 	4    2 1	12 0 0 0 5 0 0 0 
   528	   57 56 55 61 	4    2 1	0 0 12 0 0 0 5 0 
   529	   61 59 55 54 	4    2 1	12 0 0 0 5 0 0 0 
   530	   69 20 70 71 	4    2 1	0 0 0 3 0 0 0 5 
   531	   23 20 71 72 	4    2 1	0 0 0 0 0 0 0 0 
   532	   21 20 70 14 	4    2 1	0 0 0 0 0 0 0 0 
   533	   21 70 74 14 	4    2 1	0 0 11 0 0 0 5 0 
   534	   72 21 77 31 	4    2 1	0 0 0 0 0 0 0 0 
   535	   77 21 74 15 	4    2 1	0 0 0 0 0 0 0 0 
   536	   77 15 78 34 	4    2 1	0 0 0 0 0 0 0 0 
   537	   77 34 86 35 	4    2 1	0 0 0 0 0 0 0 0 
   538	   80 34 78 79 	4    2 1	0 0 0 0 0 0 0 0 
   539	   80 78 92 79 	4    2 1	0 0 11 0 0 0 5 0 
   540	   86 80 105 97 	4    2 1	0 0 0 0 0 0 0 0 
   541	  105 80 92 93 	4    2 1	0 0 0 0 0 0 0 0 
   542	  104 105 93 103 	4    2 1	0 0 0 0 0 0 0 0 
   543	  105 103 120 102 	4    2 1	0 0 0 0 0 0 0 0 
   544	   23 71 73 72 	4    2 1	0 0 3 0 0 0 5 0 
   545	   73 23 76 25 	4    2 1	0 0 0 0 0 0 0 0 
   546	   76 23 72 31 	4    2 1	0 0 0 0 0 0 0 0 
   547	   76 31 85 42 	4    2 1	0 0 0 0 0 0 0 0 
   548	   85 31 77 35 	4    2 1	0 0 0 0 0 0 0 0 
   549	   85 35 106 65 	4    2 1	0 0 0 0 0 0 0 0 
   550	  106 35 86 97 	4    2 1	0 0 0 0 0 0 0 0 
   551	  106 97 119 108 	4    2 1	0 0 0 0 0 0 0 0 
   552	  119 97 105 102 	4    2 1	0 0 0 0 0 0 0 0 
   553	   75 25 76 41 	4    2 1	0 0 0 0 0 0 0 0 
   554	   52 41 75 84 	4    2 1	0 0 0 0 0 0 0 0 
   555	   84 41 76 42 	4    2 1	0 0 0 0 0 0 0 0 
   556	   84 42 89 58 	4    2 1	0 0 0 0 0 0 0 0 
   557	   89 42 85 65 	4    2 1	0 0 0 0 0 0 0 0 
   558	   89 65 109 66 	4    2 1	0 0 0 0 0 0 0 0 
   559	  109 65 106 108 	4    2 1	0 0 0 0 0 0 0 0 
   560	  109 108 126 112 	4    2 1	0 0 0 0 0 0 0 0 
   561	  126 108 119 121 	4    2 1	0 0 0 0 0 0 0 0 
   562	  126 121 127 123 	4    2 1	0 0 0 0 0 0 0 0 
   563	   52 75 82 84 	4    2 1	0 0 3 0 0 0 5 0 
   564	   82 52 87 51 	4    2 1	0 0 0 0 0 0 0 0 
   565	   87 52 84 58 	4    2 1	0 0 0 0 0 0 0 0 
   566	   87 58 90 57 	4    2 1	0 0 0 0 0 0 0 0 
   567	   90 58 89 66 	4    2 1	0 0 0 0 0 0 0 0 
   568	   90 66 113 67 	4    2 1	0 0 0 0 0 0 0 0 
   569	  113 66 109 112 	4    2 1	0 0 0 0 0 0 0 0 
   570	  113 112 137 131 	4    2 1	0 0 0 0 0 0 0 0 
   571	  137 112 126 123 	4    2 1	0 0 0 0 0 0 0 0 
   572	  137 123 140 135 	4    2 1	0 0 0 0 0 0 0 0 
   573	   83 87 51 82 	4    2 1	0 3 0 7 0 5 0 5 
   574	   88 56 87 57 	4    2 1	0 0 0 0 0 0 0 0 
   575	   90 91 61 67 	4    2 1	0 0 0 0 0 0 0 0 
   576	  136 67 113 131 	4    2 1	0 0 0 0 0 0 0 0 
   577	  139 131 137 135 	4    2 1	0 0 0 0 0 0 0 0 
   578	   51 56 50 53 	4    2 1	0 0 0 0 0 0 0 0 
   579	   49 55 48 47 	4    2 1	0 0 0 0 0 0 0 0 
   580	   50 55 49 53 	4    2 1	0 0 0 0 0 0 0 0 
   581	    3 1 2 8 	4    2 1	0 0 0 0 0 0 0 0 
   582	    5 7 4 20 	4    2 1	0 0 0 0 0 0 0 0 
   583	    2 7 5 8 	4    2 1	0 0 0 0 0 0 0 0 
   584	   69 20 4 9 	4    2 1	0 0 0 11 0 0 0 5 
   585	   51 53 49 52 	4    2 1	0 0 0 0 0 0 0 0 
   586	   22 23 25 26 	4    2 1	0 0 0 0 0 0 0 0 
   587	   44 52 49 40 	4    2 1	0 0 0 0 0 0 0 0 
   588	   16 8 5 19 	4    2 1	0 0 0 0 0 0 0 0 
   589	    3 8 16 18 	4    2 1	0 0 0 0 0 0 0 0 
   590	    5 20 22 19 	4    2 1	0 0 0 0 0 0 0 0 
   591	   24 26 25 41 	4    2 1	0 0 0 0 0 0 0 0 
   592	   44 40 24 41 	4    2 1	0 0 0 0 0 0 0 0 
   593	   16 19 22 26 	4    2 1	0 0 0 0 0 0 0 0 
   594	   16 26 24 18 	4    2 1	0 0 0 0 0 0 0 0 
   595	   17 18 24 40 	4    2 1	0 0 0 0 0 0 0 0 
   596	  119 118 125 121 	4    2 1	0 0 0 0 0 0 0 0 
   597	  127 121 122 123 	4    2 1	0 0 0 0 0 0 0 0 
   598	  140 123 124 135 	4    2 1	0 0 0 0 0 0 0 0 
   599	  138 135 133 132 	4    2 1	0 0 0 12 0 0 0 5 
   600	  103 93 94 95 	4    2 1	0 0 0 0 0 0 0 0 
   601	  118 121 107 115 	4    2 1	0 0 0 0 0 0 0 0 
   602	  103 95 100 102 	4    2 1	0 0 0 0 0 0 0 0 
   603	  118 102 100 99 	4    2 1	0 0 0 0 0 0 0 0 
   604	  115 107 118 99 	4    2 1	0 0 0 0 0 0 0 0 
   605	  121 115 114 107 	4    2 1	0 0 0 0 0 0 0 0 
   606	  117 123 122 114 	4    2 1	0 0 0 0 0 0 0 0 
   607	  128 123 117 116 	4    2 1	0 0 0 0 0 0 0 0 
   608	  128 135 124 123 	4    2 1	0 0 0 0 0 0 0 0 
   609	  100 98 115 99 	4    2 1	0 0 0 0 0 0 0 0 
   610	   93 80 79 95 	4    2 1	0 0 0 0 0 0 0 0 
   611	   15 21 14 28 	4    2 1	0 0 0 0 0 0 0 0 
   612	   28 14 20 21 	4    2 1	0 0 0 0 0 0 0 0 
   613	    7 8 10 28 	4    2 1	0 0 0 0 0 0 0 0 
   614	   13 34 15 28 	4    2 1	0 0 0 0 0 0 0 0 
   615	   79 34 13 81 	4    2 1	0 0 0 0 0 0 0 0 
   616	   12 81 13 33 	4    2 1	0 0 0 0 0 0 0 0 
   617	   11 33 13 28 	4    2 1	0 0 0 0 0 0 0 0 
   618	  130 131 139 135 	4    2 1	0 0 0 0 0 0 0 0 
   619	   68 67 136 131 	4    2 1	0 0 0 0 0 0 0 0 
   620	   61 67 68 60 	4    2 1	0 0 0 0 0 0 0 0 
   621	   56 57 55 53 	4    2 1	0 0 0 0 0 0 0 0 
   622	   59 60 68 62 	4    2 1	0 0 0 0 0 0 0 0 
   623	   61 60 59 54 	4    2 1	0 0 0 0 0 0 0 0 
   624	   57 54 55 53 	4    2 1	0 0 0 0 0 0 0 0 
   625	   59 47 55 54 	4    2 1	0 0 0 0 0 0 0 0 
   626	   20 23 71 22 	4    2 1	0 0 0 0 0 0 0 0 
   627	   20 21 70 72 	4    2 1	0 0 0 0 0 0 0 0 
   628	   77 31 21 35 	4    2 1	0 0 0 0 0 0 0 0 
   629	   21 31 72 20 	4    2 1	0 0 0 0 0 0 0 0 
   630	   21 15 77 34 	4    2 1	0 0 0 0 0 0 0 0 
   631	   86 35 34 97 	4    2 1	0 0 0 0 0 0 0 0 
   632	   34 35 77 21 	4    2 1	0 0 0 0 0 0 0 0 
   633	   34 80 78 86 	4    2 1	0 0 0 0 0 0 0 0 
   634	   95 105 97 102 	4    2 1	0 0 0 0 0 0 0 0 
   635	   80 97 86 34 	4    2 1	0 0 0 0 0 0 0 0 
   636	   80 93 105 95 	4    2 1	0 0 0 0 0 0 0 0 
   637	  105 93 103 95 	4    2 1	0 0 0 0 0 0 0 0 
   638	  103 102 105 95 	4    2 1	0 0 0 0 0 0 0 0 
   639	   26 25 76 23 	4    2 1	0 0 0 0 0 0 0 0 
   640	   72 31 23 20 	4    2 1	0 0 0 0 0 0 0 0 
   641	   26 76 31 23 	4    2 1	0 0 0 0 0 0 0 0 
   642	   85 42 31 32 	4    2 1	0 0 0 0 0 0 0 0 
   643	   31 35 85 32 	4    2 1	0 0 0 0 0 0 0 0 
   644	  106 65 35 108 	4    2 1	0 0 0 0 0 0 0 0 
   645	   35 65 85 32 	4    2 1	0 0 0 0 0 0 0 0 
   646	   35 97 106 108 	4    2 1	0 0 0 0 0 0 0 0 
   647	  119 108 97 107 	4    2 1	0 0 0 0 0 0 0 0 
   648	   97 102 119 107 	4    2 1	0 0 0 0 0 0 0 0 
   649	  107 119 121 118 	4    2 1	0 0 0 0 0 0 0 0 
   650	   41 52 75 44 	4    2 1	0 0 0 0 0 0 0 0 
   651	   76 42 41 26 	4    2 1	0 0 0 0 0 0 0 0 
   652	   41 42 84 58 	4    2 1	0 0 0 0 0 0 0 0 
   653	   89 58 42 43 	4    2 1	0 0 0 0 0 0 0 0 
   654	   85 65 42 32 	4    2 1	0 0 0 0 0 0 0 0 
   655	   42 65 89 43 	4    2 1	0 0 0 0 0 0 0 0 
   656	  109 66 65 112 	4    2 1	0 0 0 0 0 0 0 0 
   657	   65 66 89 43 	4    2 1	0 0 0 0 0 0 0 0 
   658	   65 108 109 112 	4    2 1	0 0 0 0 0 0 0 0 
   659	  126 112 108 121 	4    2 1	0 0 0 0 0 0 0 0 
   660	  119 121 108 107 	4    2 1	0 0 0 0 0 0 0 0 
   661	  121 123 126 112 	4    2 1	0 0 0 0 0 0 0 0 
   662	   87 51 52 53 	4    2 1	0 0 0 0 0 0 0 0 
   663	   84 58 52 41 	4    2 1	0 0 0 0 0 0 0 0 
   664	   52 58 87 57 	4    2 1	0 0 0 0 0 0 0 0 
   665	   90 57 58 60 	4    2 1	0 0 0 0 0 0 0 0 
   666	   89 66 58 43 	4    2 1	0 0 0 0 0 0 0 0 
   667	   58 66 90 60 	4    2 1	0 0 0 0 0 0 0 0 
   668	  113 67 66 131 	4    2 1	0 0 0 0 0 0 0 0 
   669	   66 67 90 60 	4    2 1	0 0 0 0 0 0 0 0 
   670	   66 112 113 131 	4    2 1	0 0 0 0 0 0 0 0 
   671	  135 112 137 123 	4    2 1	0 0 0 0 0 0 0 0 
   672	  135 137 112 131 	4    2 1	0 0 0 0 0 0 0 0 
   673	   56 51 87 53 	4    2 1	0 0 0 0 0 0 0 0 
   674	   87 57 56 53 	4    2 1	0 0 0 0 0 0 0 0 
   675	   60 90 57 61 	4    2 1	0 0 0 0 0 0 0 0 
   676	   54 49 55 53 	4    2 1	0 0 0 0 0 0 0 0 
   677	    7 20 5 8 	4    2 1	0 0 0 0 0 0 0 0 
   678	   54 52 49 53 	4    2 1	0 0 0 0 0 0 0 0 
   679	   23 26 22 19 	4    2 1	0 0 0 0 0 0 0 0 
   680	   52 40 44 41 	4    2 1	0 0 0 0 0 0 0 0 
   681	   47 40 49 54 	4    2 1	0 0 0 0 0 0 0 0 
   682	    5 19 8 20 	4    2 1	0 0 0 0 0 0 0 0 
   683	    8 19 16 18 	4    2 1	0 0 0 0 0 0 0 0 
   684	   22 19 20 23 	4    2 1	0 0 0 0 0 0 0 0 
   685	   26 41 24 40 	4    2 1	0 0 0 0 0 0 0 0 
   686	   19 26 16 18 	4    2 1	0 0 0 0 0 0 0 0 
   687	   24 18 26 40 	4    2 1	0 0 0 0 0 0 0 0 
   688	  119 107 102 118 	4    2 1	0 0 0 0 0 0 0 0 
   689	  122 123 121 114 	4    2 1	0 0 0 0 0 0 0 0 
   690	  121 114 115 122 	4    2 1	0 0 0 0 0 0 0 0 
   691	   98 100 95 99 	4    2 1	0 0 0 0 0 0 0 0 
   692	  100 102 95 99 	4    2 1	0 0 0 0 0 0 0 0 
   693	  102 99 118 107 	4    2 1	0 0 0 0 0 0 0 0 
   694	  107 99 115 101 	4    2 1	0 0 0 0 0 0 0 0 
   695	  115 114 107 101 	4    2 1	0 0 0 0 0 0 0 0 
   696	  123 114 117 116 	4    2 1	0 0 0 0 0 0 0 0 
   697	  135 123 128 116 	4    2 1	0 0 0 0 0 0 0 0 
   698	  115 99 98 101 	4    2 1	0 0 0 0 0 0 0 0 
   699	   79 95 80 81 	4    2 1	0 0 0 0 0 0 0 0 
   700	   21 28 15 34 	4    2 1	0 0 0 0 0 0 0 0 
   701	   14 28 20 7 	4    2 1	0 0 0 0 0 0 0 0 
   702	   34 28 13 33 	4    2 1	0 0 0 0 0 0 0 0 
   703	   13 81 34 33 	4    2 1	0 0 0 0 0 0 0 0 
   704	   34 81 79 80 	4    2 1	0 0 0 0 0 0 0 0 
   705	  131 129 135 130 	4    2 1	0 0 0 0 0 0 0 0 
   706	   67 131 68 62 	4    2 1	0 0 0 0 0 0 0 0 
   707	   90 60 67 61 	4    2 1	0 0 0 0 0 0 0 0 
   708	   68 60 67 62 	4    2 1	0 0 0 0 0 0 0 0 
   709	   57 55 54 61 	4    2 1	0 0 0 0 0 0 0 0 
   710	   60 62 59 46 	4    2 1	0 0 0 0 0 0 0 0 
   711	   59 54 60 46 	4    2 1	0 0 0 0 0 0 0 0 
   712	   60 54 61 57 	4    2 1	0 0 0 0 0 0 0 0 
   713	   49 54 55 47 	4    2 1	0 0 0 0 0 0 0 0 
   714	   46 47 59 54 	4    2 1	0 0 0 0 0 0 0 0 
   715	   21 35 31 28 	4    2 1	0 0 0 0 0 0 0 0 
   716	   28 31 20 19 	4    2 1	0 0 0 0 0 0 0 0 
   717	   34 97 35 33 	4    2 1	0 0 0 0 0 0 0 0 
   718	   35 21 34 28 	4    2 1	0 0 0 0 0 0 0 0 
   719	  105 95 97 80 	4    2 1	0 0 0 0 0 0 0 0 
   720	   97 34 80 81 	4    2 1	0 0 0 0 0 0 0 0 
   721	   25 26 76 41 	4    2 1	0 0 0 0 0 0 0 0 
   722	   23 20 31 19 	4    2 1	0 0 0 0 0 0 0 0 
   723	   76 26 31 42 	4    2 1	0 0 0 0 0 0 0 0 
   724	   31 32 42 30 	4    2 1	0 0 0 0 0 0 0 0 
   725	   35 32 31 28 	4    2 1	0 0 0 0 0 0 0 0 
   726	   35 108 65 36 	4    2 1	0 0 0 0 0 0 0 0 
   727	   65 32 35 36 	4    2 1	0 0 0 0 0 0 0 0 
   728	   97 108 35 36 	4    2 1	0 0 0 0 0 0 0 0 
   729	   97 107 108 96 	4    2 1	0 0 0 0 0 0 0 0 
   730	  102 107 97 99 	4    2 1	0 0 0 0 0 0 0 0 
   731	   41 26 42 40 	4    2 1	0 0 0 0 0 0 0 0 
   732	   42 58 41 40 	4    2 1	0 0 0 0 0 0 0 0 
   733	   42 43 58 40 	4    2 1	0 0 0 0 0 0 0 0 
   734	   42 65 43 37 	4    2 1	0 0 0 0 0 0 0 0 
   735	   65 112 66 64 	4    2 1	0 0 0 0 0 0 0 0 
   736	   66 43 65 64 	4    2 1	0 0 0 0 0 0 0 0 
   737	  108 112 65 64 	4    2 1	0 0 0 0 0 0 0 0 
   738	  108 121 112 110 	4    2 1	0 0 0 0 0 0 0 0 
   739	  108 107 121 110 	4    2 1	0 0 0 0 0 0 0 0 
   740	  123 112 121 110 	4    2 1	0 0 0 0 0 0 0 0 
   741	   87 53 52 57 	4    2 1	0 0 0 0 0 0 0 0 
   742	   52 41 58 40 	4    2 1	0 0 0 0 0 0 0 0 
   743	   58 57 52 54 	4    2 1	0 0 0 0 0 0 0 0 
   744	   58 60 57 54 	4    2 1	0 0 0 0 0 0 0 0 
   745	   58 43 66 45 	4    2 1	0 0 0 0 0 0 0 0 
   746	   66 60 58 45 	4    2 1	0 0 0 0 0 0 0 0 
   747	   66 131 67 62 	4    2 1	0 0 0 0 0 0 0 0 
   748	  111 131 66 63 	4    2 1	0 0 0 0 0 0 0 0 
   749	  135 111 131 112 	4    2 1	0 0 0 0 0 0 0 0 
   750	  111 135 123 112 	4    2 1	0 0 0 0 0 0 0 0 
   751	   52 54 49 40 	4    2 1	0 0 0 0 0 0 0 0 
   752	   40 54 47 39 	4    2 1	0 0 0 0 0 0 0 0 
   753	    8 20 19 28 	4    2 1	0 0 0 0 0 0 0 0 
   754	   19 18 8 29 	4    2 1	0 0 0 0 0 0 0 0 
   755	   26 18 19 30 	4    2 1	0 0 0 0 0 0 0 0 
   756	   38 18 26 30 	4    2 1	0 0 0 0 0 0 0 0 
   757	  121 114 123 110 	4    2 1	0 0 0 0 0 0 0 0 
   758	  107 114 121 110 	4    2 1	0 0 0 0 0 0 0 0 
   759	   95 97 99 102 	4    2 1	0 0 0 0 0 0 0 0 
   760	   99 101 107 96 	4    2 1	0 0 0 0 0 0 0 0 
   761	  107 101 114 110 	4    2 1	0 0 0 0 0 0 0 0 
   762	  110 116 123 111 	4    2 1	0 0 0 0 0 0 0 0 
   763	  123 116 135 111 	4    2 1	0 0 0 0 0 0 0 0 
   764	   98 101 99 96 	4    2 1	0 0 0 0 0 0 0 0 
   765	   97 95 81 80 	4    2 1	0 0 0 0 0 0 0 0 
   766	    7 28 20 8 	4    2 1	0 0 0 0 0 0 0 0 
   767	   98 81 99 95 	4    2 1	0 0 0 0 0 0 0 0 
   768	   28 33 34 35 	4    2 1	0 0 0 0 0 0 0 0 
   769	   34 33 81 97 	4    2 1	0 0 0 0 0 0 0 0 
   770	   66 60 62 67 	4    2 1	0 0 0 0 0 0 0 0 
   771	   57 54 53 52 	4    2 1	0 0 0 0 0 0 0 0 
   772	   62 46 60 45 	4    2 1	0 0 0 0 0 0 0 0 
   773	   60 46 54 45 	4    2 1	0 0 0 0 0 0 0 0 
   774	   31 28 20 21 	4    2 1	0 0 0 0 0 0 0 0 
   775	   35 33 97 36 	4    2 1	0 0 0 0 0 0 0 0 
   776	   95 97 81 99 	4    2 1	0 0 0 0 0 0 0 0 
   777	   26 19 31 30 	4    2 1	0 0 0 0 0 0 0 0 
   778	   19 26 31 23 	4    2 1	0 0 0 0 0 0 0 0 
   779	   42 26 31 30 	4    2 1	0 0 0 0 0 0 0 0 
   780	   42 30 32 37 	4    2 1	0 0 0 0 0 0 0 0 
   781	   29 32 31 30 	4    2 1	0 0 0 0 0 0 0 0 
   782	   32 28 35 36 	4    2 1	0 0 0 0 0 0 0 0 
   783	   65 36 108 64 	4    2 1	0 0 0 0 0 0 0 0 
   784	   65 32 36 37 	4    2 1	0 0 0 0 0 0 0 0 
   785	  108 36 97 96 	4    2 1	0 0 0 0 0 0 0 0 
   786	  108 96 107 110 	4    2 1	0 0 0 0 0 0 0 0 
   787	  107 96 97 99 	4    2 1	0 0 0 0 0 0 0 0 
   788	   38 42 26 40 	4    2 1	0 0 0 0 0 0 0 0 
   789	   58 40 43 45 	4    2 1	0 0 0 0 0 0 0 0 
   790	   43 40 42 38 	4    2 1	0 0 0 0 0 0 0 0 
   791	  111 64 66 112 	4    2 1	0 0 0 0 0 0 0 0 
   792	   37 65 64 36 	4    2 1	0 0 0 0 0 0 0 0 
   793	   43 64 66 45 	4    2 1	0 0 0 0 0 0 0 0 
   794	  112 64 108 110 	4    2 1	0 0 0 0 0 0 0 0 
   795	  112 110 123 111 	4    2 1	0 0 0 0 0 0 0 0 
   796	   52 40 58 54 	4    2 1	0 0 0 0 0 0 0 0 
   797	   60 54 58 45 	4    2 1	0 0 0 0 0 0 0 0 
   798	   60 66 62 45 	4    2 1	0 0 0 0 0 0 0 0 
   799	  131 62 66 63 	4    2 1	0 0 0 0 0 0 0 0 
   800	  111 66 131 112 	4    2 1	0 0 0 0 0 0 0 0 
   801	   47 39 54 46 	4    2 1	0 0 0 0 0 0 0 0 
   802	   45 40 54 58 	4    2 1	0 0 0 0 0 0 0 0 
   803	    8 28 19 29 	4    2 1	0 0 0 0 0 0 0 0 
   804	   18 29 19 30 	4    2 1	0 0 0 0 0 0 0 0 
   805	   38 26 18 40 	4    2 1	0 0 0 0 0 0 0 0 
   806	  116 110 123 114 	4    2 1	0 0 0 0 0 0 0 0 
   807	  107 96 101 110 	4    2 1	0 0 0 0 0 0 0 0 
   808	   33 35 28 36 	4    2 1	0 0 0 0 0 0 0 0 
   809	   97 33 96 36 	4    2 1	0 0 0 0 0 0 0 0 
   810	   54 45 46 39 	4    2 1	0 0 0 0 0 0 0 0 
   811	   33 97 96 81 	4    2 1	0 0 0 0 0 0 0 0 
   812	   97 81 99 96 	4    2 1	0 0 0 0 0 0 0 0 
   813	   29 19 31 28 	4    2 1	0 0 0 0 0 0 0 0 
   814	   37 42 38 43 	4    2 1	0 0 0 0 0 0 0 0 
   815	   29 31 19 30 	4    2 1	0 0 0 0 0 0 0 0 
   816	   32 29 31 28 	4    2 1	0 0 0 0 0 0 0 0 
   817	   28 36 32 29 	4    2 1	0 0 0 0 0 0 0 0 
   818	  108 64 36 110 	4    2 1	0 0 0 0 0 0 0 0 
   819	   36 96 108 110 	4    2 1	0 0 0 0 0 0 0 0 
   820	   42 38 26 30 	4    2 1	0 0 0 0 0 0 0 0 
   821	   43 45 40 38 	4    2 1	0 0 0 0 0 0 0 0 
   822	   64 112 111 110 	4    2 1	0 0 0 0 0 0 0 0 
   823	   65 37 64 43 	4    2 1	0 0 0 0 0 0 0 0 
   824	   40 45 54 39 	4    2 1	0 0 0 0 0 0 0 0 
   825	   39 38 40 45 	4    2 1	0 0 0 0 0 0 0 0 
   826	   29 30 18 38 	4    2 1	0 0 0 0 0 0 0 0 
   827	   96 98 81 99 	4    2 1	0 0 0 0 0 0 0 0 
   828	   42 37 38 30 	4    2 1	0 0 0 0 0 0 0 0 
   829	   32 37 30 29 	4    2 1	0 0 0 0 0 0 0 0 
   830	   32 29 36 37 	4    2 1	0 0 0 0 0 0 0 0 
   831	   45 64 37 43 	4    2 1	0 0 0 0 0 0 0 0 
   832	   30 38 29 37 	4    2 1	0 0 0 0 0 0 0 0 
   833	   45 38 43 37 	4    2 1	0 0 0 0 0 0 0 0 
   834	   65 42 32 37 	4    2 1	0 0 0 0 0 0 0 0 

     0 0 0 0 0
     1 0 0 0 0
     2 0 0 0 0
     3 0 0 0 0
     4 0 0 0 0
     5 0 0 0 0
     6 0 0 0 0
     7 0 0 0 0
     8 0 0 0 0
     9 0 0 0 0
    10 0 0 0 0
    11 0 0 0 0
    12 0 0 0 0
    13 0 0 0 0
    14 0 0 0 0
    15 0 0 0 0
    16 0 0 0 0
    17 0 0 0 0
    18 0 0 0 0
    19 0 0 0 0
    20 0 0 0 0
    21 0 0 0 0
    22 0 0 0 0
    23 0 0 0 0
    24 0 0 0 0
    25 0 0 0 0
    26 0 0 0 0
    27 0 0 0 0
    28 0 0 0 0
    29 0 0 0 0
    30 0 0 0 0
    31 0 0 0 0
    32 0 0 0 0
    33 0 0 0 0
    34 0 0 0 0
    35 0 0 0 0
    36 0 0 0 0
    37 0 0 0 0
    38 0 0 0 0
    39 0 0 0 0
    40 0 0 0 0
    41 0 0 0 0
    42 0 0 0 0
    43 0 0 0 0
    44 0 0 0 0
    45 0 0 0 0
    46 0 0 0 0
    47 0 0 0 0
    48 0 0 0 0
    49 0 0 0 0
    50 0 0 0 0
    51 0 0 0 0
    52 0 0 0 0
    53 0 0 0 0
    54 0 0 0 0
    55 0 0 0 0
    56 0 0 0 0
    57 0 0 0 0
    58 0 0 0 0
    59 0 0 0 0
    60 0 0 0 0
    61 0 0 0 0
    62 0 0 0 0
    63 0 0 0 0
    64 0 0 0 0
    65 0 0 0 0
    66 0 0 0 0
    67 0 0 0 0
    68 0 0 0 0
    69 0 0 0 0
    70 0 0 0 0
    71 0 0 0 0
    72 0 0 0 0
    73 0 0 0 0
    74 0 0 0 0
    75 0 0 0 0
    76 0 0 0 0
    77 0 0 0 0
    78 0 0 0 0
    79 0 0 0 0
    80 0 0 0 0
    81 0 0 0 0
    82 0 0 0 0
    83 0 0 0 0
    84 0 0 0 0
    85 0 0 0 0
    86 0 0 0 0
    87 0 0 0 0
    88 0 0 0 0
    89 0 0 0 0
    90 0 0 0 0
    91 0 0 0 0
    92 0 0 0 0
    93 0 0 0 0
    94 0 0 0 0
    95 0 0 0 0
    96 0 0 0 0
    97 0 0 0 0
    98 0 0 0 0
    99 0 0 0 0
   100 0 0 0 0
   101 0 0 0 0
   102 0 0 0 0
   103 0 0 0 0
   104 0 0 0 0
   105 0 0 0 0
   106 0 0 0 0
   107 0 0 0 0
   108 0 0 0 0
   109 0 0 0 0
   110 0 0 0 0
   111 0 0 0 0
   112 0 0 0 0
   113 0 0 0 0
   114 0 0 0 0
   115 0 0 0 0
   116 0 0 0 0
   117 0 0 0 0
   118 0 0 0 0
   119 0 0 0 0
   120 0 0 0 0
   121 0 0 0 0
   122 0 0 0 0
   123 0 0 0 0
   124 0 0 0 0
   125 0 0 0 0
   126 0 0 0 0
   127 0 0 0 0
   128 0 0 0 0
   129 0 0 0 0
   130 0 0 0 0
   131 0 0 0 0
   132 0 0 0 0
   133 0 0 0 0
   134 0 0 0 0
   135 0 0 0 0
   136 0 0 0 0
   137 0 0 0 0
   138 0 0 0 0
   139 0 0 0 0
   140 0 0 0 0
   141 0 0 0 0
   142 0 0 0 0
   143 0 0 0 0
   144 0 0 0 0
   145 0 0 0 0
   146 0 0 0 0
   147 0 0 0 0
   148 0 0 0 0
   149 0 0 0 0
   150 0 0 0 0
   151 0 0 0 0
   152 0 0 0 0
   153 0 0 0 0
   154 0 0 0 0
   155 0 0 0 0
   156 0 0 0 0
   157 0 0 0 0
   158 0 0 0 0
   159 0 0 0 0
   160 0 0 0 0
   161 0 0 0 0
   162 0 0 0 0
   163 0 0 0 0
   164 0 0 0 0
   165 0 0 0 0
   166 0 0 0 0
   167 0 0 0 0
   168 0 0 0 0
   169 0 0 0 0
   170 0 0 0 0
   171 0 0 0 0
   172 0 0 0 0
   173 0 0 0 0
   174 0 0 0 0
   175 0 0 0 0
   176 0 0 0 0
   177 0 0 0 0
   178 0 0 0 0
   179 0 0 0 0
   180 0 0 0 0
   181 0 0 0 0
   182 0 0 0 0
   183 0 0 0 0
   184 0 0 0 0
   185 0 0 0 0
   186 0 0 0 0
   187 0 0 0 0
   188 0 0 0 0
   189 0 0 0 0
   190 0 0 0 0
   191 0 0 0 0
   192 0 0 0 0
   193 0 0 0 0
   194 0 0 0 0
   195 0 0 0 0
   196 0 0 0 0
   197 0 0 0 0
   198 0 0 0 0
   199 0 0 0 0
   200 0 0 0 0
   201 0 0 0 0
   202 0 0 0 0
   203 0 0 0 0
   204 0 0 0 0
   205 0 0 0 0
   206 0 0 0 0
   207 0 0 0 0
   208 0 0 0 0
   209 0 0 0 0
   210 0 0 0 0
   211 0 0 0 0
   212 0 0 0 0
   213 0 0 0 0
   214 0 0 0 0
   215 0 0 0 0
   216 0 0 0 0
   217 0 0 0 0
   218 0 0 0 0
   219 0 0 0 0
   220 0 0 0 0
   221 0 0 0 0
   222 0 0 0 0
   223 0 0 0 0
   224 0 0 0 0
   225 0 0 0 0
   226 0 0 0 0
   227 0 0 0 0
   228 0 0 0 0
   229 0 0 0 0
   230 0 0 0 0
   231 0 0 0 0
   232 0 0 0 0
   233 0 0 0 0
   234 0 0 0 0
   235 0 0 0 0
   236 0 0 0 0
   237 0 0 0 0
   238 0 0 0 0
   239 0 0 0 0
   240 0 0 0 0
   241 0 0 0 0
   242 0 0 0 0
   243 0 0 0 0
   244 0 0 0 0
   245 0 0 0 0
   246 0 0 0 0
   247 0 0 0 0
   248 0 0 0 0
   249 0 0 0 0
   250 0 0 0 0
   251 0 0 0 0
   252 0 0 0 0
   253 0 0 0 0
   254 0 0 0 0
   255 0 0 0 0
   256 0 0 0 0
   257 0 0 0 0
   258 0 0 0 0
   259 0 0 0 0
   260 0 0 0 0
   261 0 0 0 0
   262 0 0 0 0
   263 0 0 0 0
   264 0 0 0 0
   265 0 0 0 0
   266 0 0 0 0
   267 0 0 0 0
   268 0 0 0 0
   269 0 0 0 0
   270 0 0 0 0
   271 0 0 0 0
   272 0 0 0 0
   273 0 0 0 0
   274 0 0 0 0
   275 0 0 0 0
   276 0 0 0 0
   277 0 0 0 0
   278 0 0 0 0
   279 0 0 0 0
   280 0 0 0 0
   281 0 0 0 0
   282 0 0 0 0
   283 0 0 0 0
   284 0 0 0 0
   285 0 0 0 0
   286 0 0 0 0
   287 0 0 0 0
   288 0 0 0 0
   289 0 0 0 0
   290 0 0 0 0
   291 0 0 0 0
   292 0 0 0 0
   293 0 0 0 0
   294 0 0 0 0
   295 0 0 0 0
   296 0 0 0 0
   297 0 0 0 0
   298 0 0 0 0
   299 0 0 0 0
   300 0 0 0 0
   301 0 0 0 0
   302 0 0 0 0
   303 0 0 0 0
   304 0 0 0 0
   305 0 0 0 0
   306 0 0 0 0
   307 0 0 0 0
   308 0 0 0 0
   309 0 0 0 0
   310 0 0 0 0
   311 0 0 0 0
   312 0 0 0 0
   313 0 0 0 0
   314 0 0 0 0
   315 0 0 0 0
   316 0 0 0 0
   317 0 0 0 0
   318 0 0 0 0
   319 0 0 0 0
   320 0 0 0 0
   321 0 0 0 0
   322 0 0 0 0
   323 0 0 0 0
   324 0 0 0 0
   325 0 0 0 0
   326 0 0 0 0
   327 0 0 0 0
   328 0 0 0 0
   329 0 0 0 0
   330 0 0 0 0
   331 0 0 0 0
   332 0 0 0 0
   333 0 0 0 0
   334 0 0 0 0
   335 0 0 0 0
   336 0 0 0 0
   337 0 0 0 0
   338 0 0 0 0
   339 0 0 0 0
   340 0 0 0 0
   341 0 0 0 0
   342 0 0 0 0
   343 0 0 0 0
   344 0 0 0 0
   345 0 0 0 0
   346 0 0 0 0
   347 0 0 0 0
   348 0 0 0 0
   349 0 0 0 0
   350 0 0 0 0
   351 0 0 0 0
   352 0 0 0 0
   353 0 0 0 0
   354 0 0 0 0
   355 0 0 0 0
   356 0 0 0 0
   357 0 0 0 0
   358 0 0 0 0
   359 0 0 0 0
   360 0 0 0 0
   361 0 0 0 0
   362 0 0 0 0
   363 0 0 0 0
   364 0 0 0 0
   365 0 0 0 0
   366 0 0 0 0
   367 0 0 0 0
   368 0 0 0 0
   369 0 0 0 0
   370 0 0 0 0
   371 0 0 0 0
   372 0 0 0 0
   373 0 0 0 0
   374 0 0 0 0
   375 0 0 0 0
   376 0 0 0 0
   377 0 0 0 0
   378 0 0 0 0
   379 0 0 0 0
   380 0 0 0 0
   381 0 0 0 0
   382 0 0 0 0
   383 0 0 0 0
   384 0 0 0 0
   385 0 0 0 0
   386 0 0 0 0
   387 0 0 0 0
   388 0 0 0 0
   389 0 0 0 0
   390 0 0 0 0
   391 0 0 0 0
   392 0 0 0 0
   393 0 0 0 0
   394 0 0 0 0
   395 0 0 0 0
   396 0 0 0 0
   397 0 0 0 0
   398 0 0 0 0
   399 0 0 0 0
   400 0 0 0 0
   401 0 0 0 0
   402 0 0 0 0
   403 0 0 0 0
   404 0 0 0 0
   405 0 0 0 0
   406 0 0 0 0
   407 0 0 0 0
   408 0 0 0 0
   409 0 0 0 0
   410 0 0 0 0
   411 0 0 0 0
   412 0 0 0 0
   413 0 0 0 0
   414 0 0 0 0
   415 0 0 0 0
   416 0 0 0 0
   417 0 0 0 0
   418 0 0 0 0
   419 0 0 0 0
   420 0 0 0 0
   421 0 0 0 0
   422 0 0 0 0
   423 0 0 0 0
   424 0 0 0 0
   425 0 0 0 0
   426 0 0 0 0
   427 0 0 0 0
   428 0 0 0 0
   429 0 0 0 0
   430 0 0 0 0
   431 0 0 0 0
   432 0 0 0 0
   433 0 0 0 0
   434 0 0 0 0
   435 0 0 0 0
   436 0 0 0 0
   437 0 0 0 0
   438 0 0 0 0
   439 0 0 0 0
   440 0 0 0 0
   441 0 0 0 0
   442 0 0 0 0
   443 0 0 0 0
   444 0 0 0 0
   445 0 0 0 0
   446 0 0 0 0
   447 0 0 0 0
   448 0 0 0 0
   449 0 0 0 0
   450 0 0 0 0
   451 0 0 0 0
   452 0 0 0 0
   453 0 0 0 0
   454 0 0 0 0
   455 0 0 0 0
   456 0 0 0 0
   457 0 0 0 0
   458 0 0 0 0
   459 0 0 0 0
   460 0 0 0 0
   461 0 0 0 0
   462 0 0 0 0
   463 0 0 0 0
   464 0 0 0 0
   465 0 0 0 0
   466 0 0 0 0
   467 0 0 0 0
   468 0 0 0 0
   469 0 0 0 0
   470 0 0 0 0
   471 0 0 0 0
   472 0 0 0 0
   473 0 0 0 0
   474 0 0 0 0
   475 0 0 0 0
   476 0 0 0 0
   477 0 0 0 0
   478 0 0 0 0
   479 0 0 0 0
   480 0 0 0 0
   481 0 0 0 0
   482 0 0 0 0
   483 0 0 0 0
   484 0 0 0 0
   485 0 0 0 0
   486 0 0 0 0
   487 0 0 0 0
   488 0 0 0 0
   489 0 0 0 0
   490 0 0 0 0
   491 0 0 0 0
   492 0 0 0 0
   493 0 0 0 0
   494 0 0 0 0
   495 0 0 0 0
   496 0 0 0 0
   497 0 0 0 0
   498 0 0 0 0
   499 0 0 0 0
   500 0 0 0 0
   501 0 0 0 0
   502 0 0 0 0
   503 0 0 0 0
   504 0 0 0 0
   505 0 0 0 0
   506 0 0 0 0
   507 0 0 0 0
   508 0 0 0 0
   509 0 0 0 0
   510 0 0 0 0
   511 0 0 0 0
   512 0 0 0 0
   513 0 0 0 0
   514 0 0 0 0
   515 0 0 0 0
   516 0 0 0 0
   517 0 0 0 0
   518 0 0 0 0
   519 0 0 0 0
   520 0 0 0 0
   521 0 0 0 0
   522 0 0 0 0
   523 0 0 0 0
   524 0 0 0 0
   525 0 0 0 0
   526 0 0 0 0
   527 0 0 0 0
   528 0 0 0 0
   529 0 0 0 0
   530 0 0 0 0
   531 0 0 0 0
   532 0 0 0 0
   533 0 0 0 0
   534 0 0 0 0
   535 0 0 0 0
   536 0 0 0 0
   537 0 0 0 0
   538 0 0 0 0
   539 0 0 0 0
   540 0 0 0 0
   541 0 0 0 0
   542 0 0 0 0
   543 0 0 0 0
   544 0 0 0 0
   545 0 0 0 0
   546 0 0 0 0
   547 0 0 0 0
   548 0 0 0 0
   549 0 0 0 0
   550 0 0 0 0
   551 0 0 0 0
   552 0 0 0 0
   553 0 0 0 0
   554 0 0 0 0
   555 0 0 0 0
   556 0 0 0 0
   557 0 0 0 0
   558 0 0 0 0
   559 0 0 0 0
   560 0 0 0 0
   561 0 0 0 0
   562 0 0 0 0
   563 0 0 0 0
   564 0 0 0 0
   565 0 0 0 0
   566 0 0 0 0
   567 0 0 0 0
   568 0 0 0 0
   569 0 0 0 0
   570 0 0 0 0
   571 0 0 0 0
   572 0 0 0 0
   573 0 0 0 0
   574 0 0 0 0
   575 0 0 0 0
   576 0 0 0 0
   577 0 0 0 0
   578 0 0 0 0
   579 0 0 0 0
   580 0 0 0 0
   581 0 0 0 0
   582 0 0 0 0
   583 0 0 0 0
   584 0 0 0 0
   585 0 0 0 0
   586 0 0 0 0
   587 0 0 0 0
   588 0 0 0 0
   589 0 0 0 0
   590 0 0 0 0
   591 0 0 0 0
   592 0 0 0 0
   593 0 0 0 0
   594 0 0 0 0
   595 0 0 0 0
   596 0 0 0 0
   597 0 0 0 0
   598 0 0 0 0
   599 0 0 0 0
   600 0 0 0 0
   601 0 0 0 0
   602 0 0 0 0
   603 0 0 0 0
   604 0 0 0 0
   605 0 0 0 0
   606 0 0 0 0
   607 0 0 0 0
   608 0 0 0 0
   609 0 0 0 0
   610 0 0 0 0
   611 0 0 0 0
   612 0 0 0 0
   613 0 0 0 0
   614 0 0 0 0
   615 0 0 0 0
   616 0 0 0 0
   617 0 0 0 0
   618 0 0 0 0
   619 0 0 0 0
   620 0 0 0 0
   621 0 0 0 0
   622 0 0 0 0
   623 0 0 0 0
   624 0 0 0 0
   625 0 0 0 0
   626 0 0 0 0
   627 0 0 0 0
   628 0 0 0 0
   629 0 0 0 0
   630 0 0 0 0
   631 0 0 0 0
   632 0 0 0 0
   633 0 0 0 0
   634 0 0 0 0
   635 0 0 0 0
   636 0 0 0 0
   637 0 0 0 0
   638 0 0 0 0
   639 0 0 0 0
   640 0 0 0 0
   641 0 0 0 0
   642 0 0 0 0
   643 0 0 0 0
   644 0 0 0 0
   645 0 0 0 0
   646 0 0 0 0
   647 0 0 0 0
   648 0 0 0 0
   649 0 0 0 0
   650 0 0 0 0
   651 0 0 0 0
   652 0 0 0 0
   653 0 0 0 0
   654 0 0 0 0
   655 0 0 0 0
   656 0 0 0 0
   657 0 0 0 0
   658 0 0 0 0
   659 0 0 0 0
   660 0 0 0 0
   661 0 0 0 0
   662 0 0 0 0
   663 0 0 0 0
   664 0 0 0 0
   665 0 0 0 0
   666 0 0 0 0
   667 0 0 0 0
   668 0 0 0 0
   669 0 0 0 0
   670 0 0 0 0
   671 0 0 0 0
   672 0 0 0 0
   673 0 0 0 0
   674 0 0 0 0
   675 0 0 0 0
   676 0 0 0 0
   677 0 0 0 0
   678 0 0 0 0
   679 0 0 0 0
   680 0 0 0 0
   681 0 0 0 0
   682 0 0 0 0
   683 0 0 0 0
   684 0 0 0 0
   685 0 0 0 0
   686 0 0 0 0
   687 0 0 0 0
   688 0 0 0 0
   689 0 0 0 0
   690 0 0 0 0
   691 0 0 0 0
   692 0 0 0 0
   693 0 0 0 0
   694 0 0 0 0
   695 0 0 0 0
   696 0 0 0 0
   697 0 0 0 0
   698 0 0 0 0
   699 0 0 0 0
   700 0 0 0 0
   701 0 0 0 0
   702 0 0 0 0
   703 0 0 0 0
   704 0 0 0 0
   705 0 0 0 0
   706 0 0 0 0
   707 0 0 0 0
   708 0 0 0 0
   709 0 0 0 0
   710 0 0 0 0
   711 0 0 0 0
   712 0 0 0 0
   713 0 0 0 0
   714 0 0 0 0
   715 0 0 0 0
   716 0 0 0 0
   717 0 0 0 0
   718 0 0 0 0
   719 0 0 0 0
   720 0 0 0 0
   721 0 0 0 0
   722 0 0 0 0
   723 0 0 0 0
   724 0 0 0 0
   725 0 0 0 0
   726 0 0 0 0
   727 0 0 0 0
   728 0 0 0 0
   729 0 0 0 0
   730 0 0 0 0
   731 0 0 0 0
   732 0 0 0 0
   733 0 0 0 0
   734 0 0 0 0
   735 0 0 0 0
   736 0 0 0 0
   737 0 0 0 0
   738 0 0 0 0
   739 0 0 0 0
   740 0 0 0 0
   741 0 0 0 0
   742 0 0 0 0
   743 0 0 0 0
   744 0 0 0 0
   745 0 0 0 0
   746 0 0 0 0
   747 0 0 0 0
   748 0 0 0 0
   749 0 0 0 0
   750 0 0 0 0
   751 0 0 0 0
   752 0 0 0 0
   753 0 0 0 0
   754 0 0 0 0
   755 0 0 0 0
   756 0 0 0 0
   757 0 0 0 0
   758 0 0 0 0
   759 0 0 0 0
   760 0 0 0 0
   761 0 0 0 0
   762 0 0 0 0
   763 0 0 0 0
   764 0 0 0 0
   765 0 0 0 0
   766 0 0 0 0
   767 0 0 0 0
   768 0 0 0 0
   769 0 0 0 0
   770 0 0 0 0
   771 0 0 0 0
   772 0 0 0 0
   773 0 0 0 0
   774 0 0 0 0
   775 0 0 0 0
   776 0 0 0 0
   777 0 0 0 0
   778 0 0 0 0
   779 0 0 0 0
   780 0 0 0 0
   781 0 0 0 0
   782 0 0 0 0
   783 0 0 0 0
   784 0 0 0 0
   785 0 0 0 0
   786 0 0 0 0
   787 0 0 0 0
   788 0 0 0 0
   789 0 0 0 0
   790 0 0 0 0
   791 0 0 0 0
   792 0 0 0 0
   793 0 0 0 0
   794 0 0 0 0
   795 0 0 0 0
   796 0 0 0 0
   797 0 0 0 0
   798 0 0 0 0
   799 0 0 0 0
   800 0 0 0 0
   801 0 0 0 0
   802 0 0 0 0
   803 0 0 0 0
   804 0 0 0 0
   805 0 0 0 0
   806 0 0 0 0
   807 0 0 0 0
   808 0 0 0 0
   809 0 0 0 0
   810 0 0 0 0
   811 0 0 0 0
   812 0 0 0 0
   813 0 0 0 0
   814 0 0 0 0
   815 0 0 0 0
   816 0 0 0 0
   817 0 0 0 0
   818 0 0 0 0
   819 0 0 0 0
   820 0 0 0 0
   821 0 0 0 0
   822 0 0 0 0
   823 0 0 0 0
   824 0 0 0 0
   825 0 0 0 0
   826 0 0 0 0
   827 0 0 0 0
   828 0 0 0 0
   829 0 0 0 0
   830 0 0 0 0
   831 0 0 0 0
   832 0 0 0 0
   833 0 0 0 0
   834 0 0 0 0


  1.00000000e+03   1.00000000e+03   0.00000000e+00   1.00000000e+03   0.00000000e+00   0.00000000e+00   3.00000000e-01   0.00000000e+00   0.00000000e+00   1.00000000e+00   1.00000000e+00   1.00000000e+00   1.00000000e+07 	2 3 

1 
1 0 0 	0 1 0 	0 0 1 

0 0.5 0.5

0

0

0
