239 3 886

10000 1e-05 1e-15

1 1 1

4 4 4 4 4 4 4 4 4 4 4 4 4 4 4 4 4 4 4 4 4 4 4 4 4 4 4 4 4 4 4 4 4 4 4 4 4 4 4 4 4 4 4 4 4 4 4 4 4 4 4 4 4 4 4 4 4 4 4 4 4 4 4 4 4 4 4 4 4 4 4 4 4 4 4 4 4 4 4 4 4 4 4 4 4 4 4 4 4 4 4 4 4 4 4 4 4 4 4 4 4 4 4 4 4 4 4 4 4 4 4 4 4 4 4 4 4 4 4 4 4 4 4 4 4 4 4 4 4 4 4 4 4 4 4 4 4 4 4 4 4 4 4 4 4 4 4 4 4 4 4 4 4 4 4 4 4 4 4 4 4 4 4 4 4 4 4 4 4 4 4 4 4 4 4 4 4 4 4 4 4 4 4 4 4 4 4 4 4 4 4 4 4 4 4 4 4 4 4 4 4 4 4 4 4 4 4 4 4 4 4 4 4 4 4 4 4 4 4 4 4 4 4 4 4 4 4 4 4 4 4 4 4 4 4 4 4 4 4 4 4 4 4 4 4 4 4 4 4 4 4 4 4 4 4 4 4 4 4 4 4 4 4 4 4 4 4 4 4 4 4 4 4 4 4 4 4 4 4 4 4 4 4 4 4 4 4 4 4 4 4 4 4 4 4 4 4 4 4 4 4 4 4 4 4 4 4 4 4 4 4 4 4 4 4 4 4 4 4 4 4 4 4 4 4 4 4 4 4 4 4 4 4 4 4 4 4 4 4 4 4 4 4 4 4 4 4 4 4 4 4 4 4 4 4 4 4 4 4 4 4 4 4 4 4 4 4 4 4 4 4 4 4 4 4 4 4 4 4 4 4 4 4 4 4 4 4 4 4 4 4 4 4 4 4 4 4 4 4 4 4 4 4 4 4 4 4 4 4 4 4 4 4 4 4 4 4 4 4 4 4 4 4 4 4 4 4 4 4 4 4 4 4 4 4 4 4 4 4 4 4 4 4 4 4 4 4 4 4 4 4 4 4 4 4 4 4 4 4 4 4 4 4 4 4 4 4 4 4 4 4 4 4 4 4 4 4 4 4 4 4 4 4 4 4 4 4 4 4 4 4 4 4 4 4 4 4 4 4 4 4 4 4 4 4 4 4 4 4 4 4 4 4 4 4 4 4 4 4 4 4 4 4 4 4 4 4 4 4 4 4 4 4 4 4 4 4 4 4 4 4 4 4 4 4 4 4 4 4 4 4 4 4 4 4 4 4 4 4 4 4 4 4 4 4 4 4 4 4 4 4 4 4 4 4 4 4 4 4 4 4 4 4 4 4 4 4 4 4 4 4 4 4 4 4 4 4 4 4 4 4 4 4 4 4 4 4 4 4 4 4 4 4 4 4 4 4 4 4 4 4 4 4 4 4 4 4 4 4 4 4 4 4 4 4 4 4 4 4 4 4 4 4 4 4 4 4 4 4 4 4 4 4 4 4 4 4 4 4 4 4 4 4 4 4 4 4 4 4 4 4 4 4 4 4 4 4 4 4 4 4 4 4 4 4 4 4 4 4 4 4 4 4 4 4 4 4 4 4 4 4 4 4 4 4 4 4 4 4 4 4 4 4 4 4 4 4 4 4 4 4 4 4 4 4 4 4 4 4 4 4 4 4 4 4 4 4 4 4 4 4 4 4 4 4 4 4 4 4 4 4 4 4 4 4 4 4 4 4 4 4 4 4 4 4 4 4 4 4 4 4 4 4 4 4 4 4 4 4 4 4 4 4 4 4 4 4 4 4 4 4 4 4 4 4 4 4 4 4 4 4 4 4 4 4 4 4 4 4 4 4 4 4 4 4 4 4 4 4 4 4 4 4 4 4 4 4 4 4 4 4 4 4 4 4 4 4 4 4 4 4 4 4 4 4 4 4 4 4 4 4 4 4 4 4 4 4 4 4 4 4 4 4 4 4 4 4 4 4 4 4 4 4 4 4 4 4 4 4 4 4 4 4 4 4 4 

  58    2    0	  5.00000000e+00   5.00000000e+00   6.00000000e+00 	2   23 0
  -1    2    1	  5.00000000e+00   5.00000000e+00   7.00000000e+00 	2   23 0
  64    2    2	  5.00000000e+00   4.19343900e+00   6.47479500e+00 	5    8 0
  65    2    3	  4.26247600e+00   4.27442300e+00   5.88891500e+00 	4    2 1
  67    2    4	  4.19429000e+00   5.00000000e+00   6.47391800e+00 	5   12 0
  57    2    5	  3.53130300e+00   5.00000000e+00   5.82151000e+00 	5   12 0
  -1    2    6	  4.20067000e+00   4.41013400e+00   6.98048500e+00 	4    2 1
  -1    2    7	  4.14300800e+00   5.00000000e+00   7.47931600e+00 	5   12 0
  -1    2    8	  5.00000000e+00   5.00000000e+00   8.00000000e+00 	2   23 0
  -1    2    9	  5.00000000e+00   4.14106600e+00   7.47965200e+00 	5    8 0
  61    2   10	  2.50050100e+00   5.00000000e+00   5.90425200e+00 	5   12 0
  -1    2   11	  3.14883100e+00   5.00000000e+00   6.89352300e+00 	5   12 0
  -1    2   12	  3.50363000e+00   4.23497100e+00   6.63045400e+00 	4    2 1
  66    2   13	  3.23552400e+00   4.28337500e+00   5.88730600e+00 	4    2 1
  72    2   14	  4.14033500e+00   3.64335900e+00   6.86055000e+00 	4    2 1
  70    2   15	  3.52124800e+00   3.57048100e+00   6.42676900e+00 	4    2 1
  73    2   16	  5.00000000e+00   3.14575900e+00   6.89291400e+00 	5    8 0
  74    2   17	  4.41948600e+00   2.62826000e+00   6.65667000e+00 	4    2 1
  68    2   18	  2.55507800e+00   3.56980100e+00   5.89678200e+00 	4    2 1
  69    2   19	  2.60589000e+00   4.19130900e+00   6.43019600e+00 	4    2 1
  71    2   20	  3.01917700e+00   3.74356300e+00   6.65830600e+00 	4    2 1
  -1    2   21	  2.54883000e+00   3.60127700e+00   6.71954800e+00 	4    2 1
  -1    2   22	  2.73934500e+00   4.17686800e+00   7.04520000e+00 	4    2 1
  -1    2   23	  3.39331100e+00   3.19625400e+00   7.00051700e+00 	4    2 1
  -1    2   24	  4.23601900e+00   2.35332300e+00   7.21588900e+00 	4    2 1
  -1    2   25	  3.40152400e+00   4.07089200e+00   7.36626900e+00 	4    2 1
  -1    2   26	  3.31700100e+00   5.00000000e+00   8.02582500e+00 	5   12 0
  75    2   27	  2.80889900e+00   3.01302800e+00   6.49373200e+00 	4    2 1
  78    1   28	  3.71688300e+00   2.66058600e+00   6.58509800e+00 	4    2 1
  -1    2   29	  2.90925900e+00   3.37144400e+00   7.29274100e+00 	4    2 1
  -1    2   30	  2.26637900e+00   3.14132900e+00   6.98122500e+00 	4    2 1
  76    2   31	  1.96196600e+00   3.40949700e+00   6.53840300e+00 	4    2 1
  -1    2   32	  4.11734900e+00   4.17032300e+00   7.98767800e+00 	4    2 1
  -1    2   33	  5.00000000e+00   4.19571400e+00   8.48674900e+00 	5    8 0
  -1    2   34	  4.19781600e+00   5.00000000e+00   8.48694200e+00 	5   12 0
  -1    2   35	  5.00000000e+00   5.00000000e+00   9.00000000e+00 	2   23 0
  -1    2   36	  4.32073400e+00   5.00000000e+00   9.31764100e+00 	5   12 0
  -1    2   37	  5.00000000e+00   5.00000000e+00   1.00000000e+01 	1   15 0
  -1    2   38	  5.00000000e+00   4.31946800e+00   9.31711200e+00 	5    8 0
  -1    2   39	  5.00000000e+00   4.00000000e+00   1.00000000e+01 	2   14 0
  -1    2   40	  4.34088700e+00   4.34398600e+00   1.00000000e+01 	5    4 0
  -1    2   41	  4.00000000e+00   5.00000000e+00   1.00000000e+01 	2   15 0
  -1    2   42	  4.40134600e+00   4.01279500e+00   9.08387300e+00 	4    2 1
  -1    2   43	  3.94424500e+00   4.41703000e+00   9.31946900e+00 	4    2 1
  -1    2   44	  3.76047700e+00   4.14397000e+00   8.72573200e+00 	4    2 1
  -1    2   45	  4.21637900e+00   3.53105000e+00   8.54906100e+00 	4    2 1
  -1    2   46	  5.00000000e+00   3.31237500e+00   8.02619000e+00 	5    8 0
  -1    2   47	  5.00000000e+00   3.40306700e+00   9.10217400e+00 	5    8 0
  -1    2   48	  3.40585600e+00   5.00000000e+00   9.10126400e+00 	5   12 0
  -1    2   49	  3.40142600e+00   3.63142100e+00   8.05318800e+00 	4    2 1
  -1    2   50	  5.00000000e+00   3.00000000e+00   1.00000000e+01 	2   14 0
  -1    2   51	  4.17801800e+00   3.52927300e+00   1.00000000e+01 	5    4 0
  -1    2   52	  4.42688100e+00   3.00802400e+00   9.16388200e+00 	4    2 1
  -1    2   53	  5.00000000e+00   2.49861000e+00   9.34802700e+00 	5    8 0
  -1    2   54	  3.99035900e+00   3.03341200e+00   7.69074700e+00 	4    2 1
  -1    2   55	  5.00000000e+00   2.49701500e+00   7.67120200e+00 	5    8 0
  -1    2   56	  5.00000000e+00   2.49723300e+00   8.54167200e+00 	5    8 0
  -1    2   57	  4.18386600e+00   2.79265400e+00   8.59054700e+00 	4    2 1
  -1    2   58	  3.51420600e+00   3.29851700e+00   8.58327000e+00 	4    2 1
  -1    2   59	  3.64776000e+00   3.63115900e+00   9.16563000e+00 	4    2 1
  -1    2   60	  3.76002600e+00   2.89709300e+00   9.24002500e+00 	4    2 1
  -1    2   61	  3.52435200e+00   4.19239100e+00   1.00000000e+01 	5    4 0
  -1    2   62	  3.06302600e+00   4.36868200e+00   9.24925000e+00 	4    2 1
  -1    2   63	  3.07710700e+00   4.22572600e+00   8.46360600e+00 	4    2 1
  -1    2   64	  3.00000000e+00   5.00000000e+00   1.00000000e+01 	2   15 0
  -1    2   65	  2.50139000e+00   5.00000000e+00   9.34802700e+00 	5   12 0
  -1    2   66	  2.50276700e+00   5.00000000e+00   8.54167200e+00 	5   12 0
  -1    2   67	  2.50298500e+00   5.00000000e+00   7.67120200e+00 	5   12 0
  -1    2   68	  2.65297200e+00   3.80585300e+00   7.83518200e+00 	4    2 1
  -1    2   69	  2.91471700e+00   3.71183300e+00   9.29877200e+00 	4    2 1
  -1    2   70	  2.23251100e+00   4.17462700e+00   8.36351800e+00 	4    2 1
  -1    2   71	  2.77336200e+00   3.46410200e+00   8.61719200e+00 	4    2 1
  -1    2   72	  3.11741500e+00   3.02700100e+00   9.08751600e+00 	4    2 1
  -1    2   73	  3.35951500e+00   2.61601700e+00   9.40774900e+00 	4    2 1
  -1    2   74	  4.09463600e+00   2.49782800e+00   1.00000000e+01 	5    4 0
  -1    2   75	  5.00000000e+00   2.00000000e+00   1.00000000e+01 	2   14 0
  -1    2   76	  2.00000000e+00   5.00000000e+00   1.00000000e+01 	2   15 0
  -1    2   77	  2.51946700e+00   4.14000000e+00   1.00000000e+01 	5    4 0
  -1    2   78	  3.10511900e+00   3.14340700e+00   1.00000000e+01 	5    4 0
  -1    2   79	  2.93361300e+00   2.51703100e+00   9.30686500e+00 	4    2 1
  -1    2   80	  2.17097300e+00   4.21910200e+00   9.16130400e+00 	4    2 1
  96    1   81	  2.10317500e+00   3.82081400e+00   7.12062500e+00 	4    2 1
  94    1   82	  1.53122700e+00   3.39379900e+00   7.14470000e+00 	4    2 1
  95    2   83	  1.85424100e+00   5.00000000e+00   6.89291400e+00 	5   12 0
  84    1   84	  8.06560900e-01   5.00000000e+00   6.47479500e+00 	5   12 0
  -1    2   85	  1.68762500e+00   5.00000000e+00   8.02619000e+00 	5   12 0
  -1    2   86	  1.59693300e+00   5.00000000e+00   9.10217400e+00 	5   12 0
  -1    2   87	  1.58751100e+00   4.09108000e+00   7.78986500e+00 	4    2 1
  -1    2   88	  1.50096900e+00   4.12801200e+00   8.48818100e+00 	4    2 1
  -1    2   89	  1.00000000e+00   5.00000000e+00   1.00000000e+01 	2   15 0
  -1    2   90	  1.51265700e+00   4.19499400e+00   1.00000000e+01 	5    4 0
  -1    2   91	  1.97241500e+00   3.31070000e+00   1.00000000e+01 	5    4 0
  -1    2   92	  6.82642900e-01   4.31917100e+00   1.00000000e+01 	5    4 0
  -1    2   93	  0.00000000e+00   5.00000000e+00   1.00000000e+01 	1   16 0
  -1    2   94	  1.00324600e+00   4.34546600e+00   9.07109600e+00 	4    2 1
  -1    2   95	  6.80532200e-01   5.00000000e+00   9.31711200e+00 	5   12 0
  -1    2   96	  0.00000000e+00   5.00000000e+00   9.00000000e+00 	2   24 0
  -1    2   97	  8.04286300e-01   5.00000000e+00   8.48674900e+00 	5   12 0
  -1    2   98	  0.00000000e+00   4.34592400e+00   9.34076900e+00 	5    7 0
  -1    2   99	  8.93149000e-01   4.46338700e+00   8.16705900e+00 	4    2 1
  -1    2  100	  8.58934200e-01   5.00000000e+00   7.47965200e+00 	5   12 0
  -1    2  101	  0.00000000e+00   5.00000000e+00   8.00000000e+00 	2   24 0
  86    1  102	  0.00000000e+00   5.00000000e+00   7.00000000e+00 	2   24 0
  -1    2  103	  6.58698000e-01   3.86793100e+00   9.33137800e+00 	4    2 1
  -1    2  104	  1.54947800e+00   3.50522000e+00   9.09619700e+00 	4    2 1
  -1    2  105	  2.08702700e+00   3.32100900e+00   8.32693800e+00 	4    2 1
  85    2  106	  0.00000000e+00   4.19870800e+00   6.51202400e+00 	5    7 0
 102    1  107	  8.81420300e-01   4.11503200e+00   7.17440800e+00 	4    2 1
  -1    2  108	  0.00000000e+00   4.00000000e+00   1.00000000e+01 	2   16 0
  -1    2  109	  8.97202400e-01   3.40233000e+00   1.00000000e+01 	5    4 0
  -1    2  110	  2.31227700e+00   2.92599400e+00   9.24616200e+00 	4    2 1
  -1    2  111	  0.00000000e+00   4.14447600e+00   7.51934500e+00 	5    7 0
  -1    2  112	  0.00000000e+00   4.19605600e+00   8.52437000e+00 	5    7 0
  -1    2  113	  7.82734000e-01   3.69676300e+00   8.34989500e+00 	4    2 1
  -1    2  114	  1.46807500e+00   3.15856700e+00   8.09169100e+00 	4    2 1
  -1    2  115	  2.20484200e+00   2.94882000e+00   7.65146100e+00 	4    2 1
  -1    2  116	  2.97541900e+00   2.95717000e+00   7.94992300e+00 	4    2 1
  97    2  117	  0.00000000e+00   3.31918300e+00   6.97126900e+00 	5    7 0
  -1    2  118	  2.04156100e+00   2.48731900e+00   8.48334500e+00 	4    2 1
  92    1  119	  8.56607000e-01   3.14521000e+00   6.52713500e+00 	4    2 1
  -1    2  120	  8.46225500e-01   3.13003000e+00   7.52292900e+00 	4    2 1
  -1    2  121	  7.53004100e-01   2.43405200e+00   7.67672300e+00 	4    2 1
  -1    2  122	  2.63575500e+00   2.57484500e+00   8.50495400e+00 	4    2 1
  -1    2  123	  3.50836600e+00   2.13867100e+00   9.17439100e+00 	4    2 1
  -1    2  124	  4.31731400e+00   2.12960200e+00   9.20446400e+00 	4    2 1
  -1    2  125	  3.33556600e+00   2.51302300e+00   8.52115800e+00 	4    2 1
  -1    2  126	  3.54121600e+00   2.36097800e+00   7.46818600e+00 	4    2 1
  -1    2  127	  2.85908500e+00   2.48428200e+00   7.15371300e+00 	4    2 1
  -1    2  128	  2.98435800e+00   2.18245900e+00   7.81867700e+00 	4    2 1
  -1    2  129	  2.33985200e+00   2.32343200e+00   7.79344500e+00 	4    2 1
  83    2  130	  4.01825800e+00   1.90071200e+00   6.97036400e+00 	4    2 1
  88    1  131	  2.16296300e+00   2.47142300e+00   6.71046700e+00 	4    2 1
  93    2  132	  1.59455900e+00   2.63540600e+00   7.00928200e+00 	4    2 1
  -1    2  133	  1.49254100e+00   2.66338100e+00   8.84683700e+00 	4    2 1
  -1    2  134	  2.32661800e+00   2.49441800e+00   1.00000000e+01 	5    4 0
  -1    2  135	  1.45685400e+00   2.49549300e+00   1.00000000e+01 	5    4 0
  -1    2  136	  0.00000000e+00   3.53283200e+00   9.17781600e+00 	5    7 0
  -1    2  137	  7.45844500e-01   2.93020500e+00   9.13732100e+00 	4    2 1
  -1    2  138	  0.00000000e+00   3.00000000e+00   1.00000000e+01 	2   16 0
  -1    2  139	  6.51309600e-01   2.49790000e+00   1.00000000e+01 	5    4 0
  -1    2  140	  0.00000000e+00   3.15193000e+00   8.10507400e+00 	5    7 0
  -1    2  141	  0.00000000e+00   2.50217200e+00   9.09463600e+00 	5    7 0
 103    2  142	  0.00000000e+00   2.50558200e+00   7.32661800e+00 	5    7 0
  -1    2  143	  0.00000000e+00   2.00000000e+00   1.00000000e+01 	2   16 0
  -1    2  144	  6.59143400e-01   2.43084900e+00   8.31849000e+00 	4    2 1
  -1    2  145	  4.93450600e-01   2.00222600e+00   9.11777500e+00 	4    2 1
  -1    2  146	  1.03171900e+00   2.04685200e+00   9.03810400e+00 	4    2 1
  -1    2  147	  1.47579200e+00   2.15312200e+00   8.02689700e+00 	4    2 1
  -1    2  148	  5.00000000e+00   1.59414400e+00   9.10126400e+00 	5    8 0
  79    2  149	  5.00000000e+00   1.85116900e+00   6.89352300e+00 	5    8 0
  -1    2  150	  5.00000000e+00   1.68299900e+00   8.02582500e+00 	5    8 0
  -1    2  151	  4.31115600e+00   1.81579700e+00   7.55964500e+00 	4    2 1
  -1    2  152	  4.15120000e+00   1.83370300e+00   8.41200700e+00 	4    2 1
  -1    2  153	  5.00000000e+00   1.00000000e+00   1.00000000e+01 	2   14 0
  -1    2  154	  5.00000000e+00   6.79265600e-01   9.31764100e+00 	5    8 0
  -1    2  155	  5.00000000e+00   0.00000000e+00   1.00000000e+01 	1   14 0
  -1    2  156	  4.34076900e+00   6.54075800e-01   1.00000000e+01 	5    4 0
  -1    2  157	  4.17781600e+00   1.46716800e+00   1.00000000e+01 	5    4 0
  -1    2  158	  4.36639000e+00   1.01611600e+00   9.04024700e+00 	4    2 1
  -1    2  159	  5.00000000e+00   0.00000000e+00   9.00000000e+00 	2   22 0
  -1    2  160	  5.00000000e+00   8.02184300e-01   8.48694200e+00 	5    8 0
  -1    2  161	  4.34398600e+00   0.00000000e+00   9.34088700e+00 	5   11 0
  -1    2  162	  3.92603000e+00   5.77104800e-01   9.30227700e+00 	4    2 1
  -1    2  163	  4.00000000e+00   0.00000000e+00   1.00000000e+01 	2   13 0
  -1    2  164	  3.52437000e+00   8.03944100e-01   1.00000000e+01 	5    4 0
  -1    2  165	  3.10507400e+00   1.84807000e+00   1.00000000e+01 	5    4 0
  -1    2  166	  3.52770100e+00   1.32270700e+00   9.16220800e+00 	4    2 1
  -1    2  167	  2.81764300e+00   1.20425500e+00   9.23622400e+00 	4    2 1
  -1    2  168	  2.58439500e+00   1.94349700e+00   9.19448200e+00 	4    2 1
  -1    2  169	  1.97126900e+00   1.68081700e+00   1.00000000e+01 	5    4 0
  -1    2  170	  2.97184300e+00   1.67681400e+00   8.43236700e+00 	4    2 1
  -1    2  171	  3.50869700e+00   1.56480200e+00   7.78288900e+00 	4    2 1
  -1    2  172	  3.52640700e+00   8.76899600e-01   8.51311500e+00 	4    2 1
  -1    2  173	  3.06959000e+00   6.18348700e-01   9.21010800e+00 	4    2 1
  -1    2  174	  3.52927300e+00   0.00000000e+00   9.17801800e+00 	5   11 0
  -1    2  175	  2.51934500e+00   8.55523900e-01   1.00000000e+01 	5    4 0
  -1    2  176	  3.00000000e+00   0.00000000e+00   1.00000000e+01 	2   13 0
  -1    2  177	  4.19239100e+00   0.00000000e+00   8.52435200e+00 	5   11 0
  -1    2  178	  5.00000000e+00   0.00000000e+00   8.00000000e+00 	2   22 0
  -1    2  179	  5.00000000e+00   8.56992300e-01   7.47931600e+00 	5    8 0
  -1    2  180	  4.21356100e+00   8.68122700e-01   7.91606600e+00 	4    2 1
  -1    2  181	  1.70292300e+00   1.83406800e+00   9.22938200e+00 	4    2 1
  -1    2  182	  8.97584000e-01   1.59311600e+00   1.00000000e+01 	5    4 0
  -1    2  183	  2.19430900e+00   1.58319600e+00   8.49481700e+00 	4    2 1
  -1    2  184	  1.35230300e+00   1.35729500e+00   8.54337600e+00 	4    2 1
  -1    2  185	  1.86267200e+00   8.95118000e-01   8.42299400e+00 	4    2 1
  -1    2  186	  2.68759400e+00   8.28523200e-01   8.65417300e+00 	4    2 1
  -1    2  187	  2.11749500e+00   8.71975000e-01   9.23109800e+00 	4    2 1
  -1    2  188	  2.49782800e+00   0.00000000e+00   9.09463600e+00 	5   11 0
  -1    2  189	  2.00000000e+00   0.00000000e+00   1.00000000e+01 	2   13 0
  -1    2  190	  1.51202400e+00   8.01291600e-01   1.00000000e+01 	5    4 0
  80    1  191	  3.54136100e+00   1.74382900e+00   6.59677900e+00 	4    2 1
  -1    2  192	  3.27836900e+00   1.57768200e+00   7.17494200e+00 	4    2 1
  82    1  193	  4.09586300e+00   1.20517500e+00   7.04431400e+00 	4    2 1
  87    2  194	  2.67451600e+00   1.94995000e+00   6.49640600e+00 	4    2 1
  -1    2  195	  2.40554900e+00   1.75436200e+00   7.42665600e+00 	4    2 1
  90    1  196	  1.61616300e+00   1.72599300e+00   6.82500800e+00 	4    2 1
  -1    2  197	  2.70110000e+00   9.62795100e-01   7.87551600e+00 	4    2 1
  89    2  198	  1.83067700e+00   8.55961300e-01   6.40799700e+00 	4    2 1
  98    1  199	  2.78267900e+00   9.82571000e-01   6.78632400e+00 	4    2 1
  -1    2  200	  3.44908000e+00   7.34008600e-01   7.41140500e+00 	4    2 1
  -1    2  201	  3.14340700e+00   0.00000000e+00   8.10511900e+00 	5   11 0
 100    1  202	  2.49441800e+00   0.00000000e+00   7.32661800e+00 	5   11 0
  -1    2  203	  4.20881100e+00   5.43766600e-01   7.00267000e+00 	4    2 1
  -1    2  204	  4.14000000e+00   0.00000000e+00   7.51946700e+00 	5   11 0
  63    2  205	  5.00000000e+00   8.05710300e-01   6.47391800e+00 	5    8 0
  -1    2  206	  5.00000000e+00   0.00000000e+00   7.00000000e+00 	2   22 0
  60    2  207	  5.00000000e+00   0.00000000e+00   6.00000000e+00 	2   22 0
  59    2  208	  4.31917100e+00   0.00000000e+00   5.68264300e+00 	5   11 0
  62    2  209	  4.19730800e+00   6.59389100e-01   6.08308300e+00 	4    2 1
  81    2  210	  3.53668800e+00   7.70246700e-01   6.49324600e+00 	4    2 1
  77    2  211	  3.40233000e+00   0.00000000e+00   5.89720200e+00 	5   11 0
  -1    2  212	  4.19499400e+00   0.00000000e+00   6.51265800e+00 	5   11 0
  91    2  213	  3.31070000e+00   0.00000000e+00   6.97241500e+00 	5   11 0
 101    2  214	  1.68081700e+00   0.00000000e+00   6.97126900e+00 	5   11 0
  -1    2  215	  1.67887800e+00   1.00811900e+00   7.63795700e+00 	4    2 1
 105    2  216	  8.41841000e-01   8.62348300e-01   7.01890100e+00 	4    2 1
  99    2  217	  0.00000000e+00   1.68930000e+00   6.97241500e+00 	5    7 0
 104    1  218	  7.74905600e-01   1.94373900e+00   7.19051800e+00 	4    2 1
  -1    2  219	  7.04746600e-01   1.47730100e+00   8.24640800e+00 	4    2 1
  -1    2  220	  0.00000000e+00   1.85659400e+00   8.10511900e+00 	5    7 0
  -1    2  221	  0.00000000e+00   1.47072700e+00   9.17801800e+00 	5    7 0
  -1    2  222	  0.00000000e+00   1.00000000e+00   1.00000000e+01 	2   16 0
 106    1  223	  0.00000000e+00   8.60000200e-01   7.51946700e+00 	5    7 0
  -1    2  224	  6.81921700e-01   6.78881400e-01   1.00000000e+01 	5    4 0
  -1    2  225	  1.00000000e+00   0.00000000e+00   1.00000000e+01 	2   13 0
  -1    2  226	  1.46716800e+00   0.00000000e+00   9.17781600e+00 	5   11 0
  -1    2  227	  6.89621800e-01   1.10659200e+00   9.06991600e+00 	4    2 1
  -1    2  228	  1.28077200e+00   7.69273700e-01   9.13906200e+00 	4    2 1
  -1    2  229	  9.05350000e-01   7.11971300e-01   8.18997900e+00 	4    2 1
  -1    2  230	  1.84807000e+00   0.00000000e+00   8.10507400e+00 	5   11 0
 107    2  231	  8.55523900e-01   0.00000000e+00   7.51934500e+00 	5   11 0
  -1    2  232	  0.00000000e+00   6.56014100e-01   9.34088700e+00 	5    7 0
  -1    2  233	  0.00000000e+00   0.00000000e+00   1.00000000e+01 	1   13 0
 108    1  234	  0.00000000e+00   0.00000000e+00   8.00000000e+00 	2   21 0
  -1    2  235	  0.00000000e+00   8.07609500e-01   8.52435200e+00 	5    7 0
  -1    2  236	  6.54075800e-01   0.00000000e+00   9.34076900e+00 	5   11 0
  -1    2  237	  8.03944100e-01   0.00000000e+00   8.52437000e+00 	5   11 0
  -1    2  238	  0.00000000e+00   0.00000000e+00   9.00000000e+00 	2   21 0

0

0


     0	  225 233 224 236 	4    2 1	4 11 0 0 5 5 0 0 
     1	  189 225 190 226 	4    2 1	4 11 0 0 5 5 0 0 
     2	  176 189 175 188 	4    2 1	4 11 0 0 5 5 0 0 
     3	  163 176 164 174 	4    2 1	4 11 0 0 5 5 0 0 
     4	  155 163 156 161 	4    2 1	4 11 0 0 5 5 0 0 
     5	  153 155 156 154 	4    2 1	4 8 0 0 5 5 0 0 
     6	   75 153 157 148 	4    2 1	4 8 0 0 5 5 0 0 
     7	   50 75 74 53 	4    2 1	4 8 0 0 5 5 0 0 
     8	   39 50 51 47 	4    2 1	4 8 0 0 5 5 0 0 
     9	   37 39 40 38 	4    2 1	4 8 0 0 5 5 0 0 
    10	   41 37 40 36 	4    2 1	4 12 0 0 5 5 0 0 
    11	   64 41 61 48 	4    2 1	4 12 0 0 5 5 0 0 
    12	   76 64 77 65 	4    2 1	4 12 0 0 5 5 0 0 
    13	   89 76 90 86 	4    2 1	4 12 0 0 5 5 0 0 
    14	   93 89 92 95 	4    2 1	4 12 0 0 5 5 0 0 
    15	  108 93 92 98 	4    2 1	4 7 0 0 5 5 0 0 
    16	  138 108 109 136 	4    2 1	4 7 0 0 5 5 0 0 
    17	  143 138 139 141 	4    2 1	4 7 0 0 5 5 0 0 
    18	  222 143 182 221 	4    2 1	4 7 0 0 5 5 0 0 
    19	  233 222 224 232 	4    2 1	4 7 0 0 5 5 0 0 
    20	  225 224 190 228 	4    2 1	4 0 0 0 5 0 0 0 
    21	  189 190 175 187 	4    2 1	4 0 0 0 5 0 0 0 
    22	  176 175 164 173 	4    2 1	4 0 0 0 5 0 0 0 
    23	  163 164 156 162 	4    2 1	4 0 0 0 5 0 0 0 
    24	  153 156 157 158 	4    2 1	4 0 0 0 5 0 0 0 
    25	   75 157 74 124 	4    2 1	4 0 0 0 5 0 0 0 
    26	   50 74 51 52 	4    2 1	4 0 0 0 5 0 0 0 
    27	   39 51 40 42 	4    2 1	4 0 0 0 5 0 0 0 
    28	   41 40 61 43 	4    2 1	4 0 0 0 5 0 0 0 
    29	   64 61 77 62 	4    2 1	4 0 0 0 5 0 0 0 
    30	   76 77 90 80 	4    2 1	4 0 0 0 5 0 0 0 
    31	   89 90 92 94 	4    2 1	4 0 0 0 5 0 0 0 
    32	  108 92 109 103 	4    2 1	4 0 0 0 5 0 0 0 
    33	  138 109 139 137 	4    2 1	4 0 0 0 5 0 0 0 
    34	  143 139 182 145 	4    2 1	4 0 0 0 5 0 0 0 
    35	  222 182 224 227 	4    2 1	4 0 0 0 5 0 0 0 
    36	  228 224 190 182 	4    2 1	0 0 4 0 0 0 5 0 
    37	  175 190 169 187 	4    2 1	4 0 0 0 5 0 0 0 
    38	  164 175 165 167 	4    2 1	4 0 0 0 5 0 0 0 
    39	  156 164 157 162 	4    2 1	4 0 0 0 5 0 0 0 
    40	   74 157 165 123 	4    2 1	4 0 0 0 5 0 0 0 
    41	   51 74 78 60 	4    2 1	4 0 0 0 5 0 0 0 
    42	   40 51 61 43 	4    2 1	4 0 0 0 5 0 0 0 
    43	   77 61 78 69 	4    2 1	4 0 0 0 5 0 0 0 
    44	   90 77 91 80 	4    2 1	4 0 0 0 5 0 0 0 
    45	   92 90 109 103 	4    2 1	4 0 0 0 5 0 0 0 
    46	  139 109 135 137 	4    2 1	4 0 0 0 5 0 0 0 
    47	  169 182 135 181 	4    2 1	4 0 0 0 5 0 0 0 
    48	  190 182 169 181 	4    2 1	4 0 0 0 5 0 0 0 
    49	  168 175 165 169 	4    2 1	0 0 4 0 0 0 5 0 
    50	  164 165 157 166 	4    2 1	4 0 0 0 5 0 0 0 
    51	   74 165 78 73 	4    2 1	4 0 0 0 5 0 0 0 
    52	   51 78 61 59 	4    2 1	4 0 0 0 5 0 0 0 
    53	  110 77 78 69 	4    2 1	0 0 0 0 0 0 0 0 
    54	   90 91 109 104 	4    2 1	4 0 0 0 5 0 0 0 
    55	  109 91 135 104 	4    2 1	4 0 0 0 5 0 0 0 
    56	  182 139 135 146 	4    2 1	4 0 0 0 5 0 0 0 
    57	  165 169 134 168 	4    2 1	4 0 0 0 5 0 0 0 
    58	   78 165 134 79 	4    2 1	4 0 0 0 5 0 0 0 
    59	   91 78 134 110 	4    2 1	4 0 0 0 5 0 0 0 
    60	  135 91 134 110 	4    2 1	4 0 0 0 5 0 0 0 
    61	  169 135 134 181 	4    2 1	4 0 0 0 5 0 0 0 
    62	  102 101 111 100 	4    2 1	7 12 0 0 5 5 0 0 
    63	  101 96 112 97 	4    2 1	7 12 0 0 5 5 0 0 
    64	   96 93 98 95 	4    2 1	7 12 0 0 5 5 0 0 
    65	  233 238 232 236 	4    2 1	7 11 0 0 5 5 0 0 
    66	  238 234 235 237 	4    2 1	7 11 0 0 5 5 0 0 
    67	  106 102 111 107 	4    2 1	7 0 0 0 5 0 0 0 
    68	  111 101 112 99 	4    2 1	7 0 0 0 5 0 0 0 
    69	  112 96 98 95 	4    2 1	7 0 0 0 5 0 0 0 
    70	   98 108 136 103 	4    2 1	7 0 0 0 5 0 0 0 
    71	  136 138 141 137 	4    2 1	7 0 0 0 5 0 0 0 
    72	  141 143 221 145 	4    2 1	7 0 0 0 5 0 0 0 
    73	  221 222 232 227 	4    2 1	7 0 0 0 5 0 0 0 
    74	  232 238 235 237 	4    2 1	7 0 0 0 5 0 0 0 
    75	  235 234 223 229 	4    2 1	7 0 0 0 5 0 0 0 
    76	  106 111 117 107 	4    2 1	7 0 0 0 5 0 0 0 
    77	  111 112 140 113 	4    2 1	7 0 0 0 5 0 0 0 
    78	  112 98 136 103 	4    2 1	7 0 0 0 5 0 0 0 
    79	  136 141 140 137 	4    2 1	7 0 0 0 5 0 0 0 
    80	  141 221 220 145 	4    2 1	7 0 0 0 5 0 0 0 
    81	  221 232 235 227 	4    2 1	7 0 0 0 5 0 0 0 
    82	  235 223 220 219 	4    2 1	7 0 0 0 5 0 0 0 
    83	  120 111 140 113 	4    2 1	0 0 0 0 0 0 0 0 
    84	  140 112 136 113 	4    2 1	7 0 0 0 5 0 0 0 
    85	  140 141 220 144 	4    2 1	7 0 0 0 5 0 0 0 
    86	  220 221 235 219 	4    2 1	7 0 0 0 5 0 0 0 
    87	  218 223 220 217 	4    2 1	0 0 7 0 0 0 5 0 
    88	  117 140 142 120 	4    2 1	7 0 0 0 5 0 0 0 
    89	  120 144 142 121 	4    2 1	0 0 0 0 0 0 0 0 
    90	  220 217 142 218 	4    2 1	7 0 0 0 5 0 0 0 
    91	    1 0 2 4 	4    2 1	8 12 0 0 5 5 0 0 
    92	    8 1 9 7 	4    2 1	8 12 0 0 5 5 0 0 
    93	   35 8 33 34 	4    2 1	8 12 0 0 5 5 0 0 
    94	   35 37 40 38 	4    2 1	0 8 0 0 0 5 0 0 
    95	  159 155 156 161 	4    2 1	0 11 0 0 0 5 0 0 
    96	  178 159 160 177 	4    2 1	8 11 0 0 5 5 0 0 
    97	  206 178 179 204 	4    2 1	8 11 0 0 5 5 0 0 
    98	  207 206 205 212 	4    2 1	8 11 0 0 5 5 0 0 
    99	    1 2 9 6 	4    2 1	8 0 0 0 5 0 0 0 
   100	    8 9 33 32 	4    2 1	8 0 0 0 5 0 0 0 
   101	   35 33 38 42 	4    2 1	8 0 0 0 5 0 0 0 
   102	  159 154 160 158 	4    2 1	8 0 0 0 5 0 0 0 
   103	  178 160 179 180 	4    2 1	8 0 0 0 5 0 0 0 
   104	  206 179 205 203 	4    2 1	8 0 0 0 5 0 0 0 
   105	   39 38 47 42 	4    2 1	8 0 0 0 5 0 0 0 
   106	   50 47 53 52 	4    2 1	8 0 0 0 5 0 0 0 
   107	   75 53 148 124 	4    2 1	8 0 0 0 5 0 0 0 
   108	  153 148 154 158 	4    2 1	8 0 0 0 5 0 0 0 
   109	    9 2 16 14 	4    2 1	8 0 0 0 5 0 0 0 
   110	   33 9 46 32 	4    2 1	8 0 0 0 5 0 0 0 
   111	   38 33 47 42 	4    2 1	8 0 0 0 5 0 0 0 
   112	  160 154 148 158 	4    2 1	8 0 0 0 5 0 0 0 
   113	  179 160 150 180 	4    2 1	8 0 0 0 5 0 0 0 
   114	  205 179 149 193 	4    2 1	8 0 0 0 5 0 0 0 
   115	   53 47 56 52 	4    2 1	8 0 0 0 5 0 0 0 
   116	  150 148 56 152 	4    2 1	8 0 0 0 5 0 0 0 
   117	   54 9 16 14 	4    2 1	0 0 0 0 0 0 0 0 
   118	   33 46 47 45 	4    2 1	8 0 0 0 5 0 0 0 
   119	  160 148 150 152 	4    2 1	8 0 0 0 5 0 0 0 
   120	  151 179 149 150 	4    2 1	0 0 8 0 0 0 5 0 
   121	   52 46 56 57 	4    2 1	0 0 0 0 0 0 0 0 
   122	  148 53 56 124 	4    2 1	8 0 0 0 5 0 0 0 
   123	   17 55 149 16 	4    2 1	0 0 8 0 0 0 5 0 
   124	   46 16 55 54 	4    2 1	8 0 0 0 5 0 0 0 
   125	  149 150 55 151 	4    2 1	8 0 0 0 5 0 0 0 
   126	   56 46 55 57 	4    2 1	8 0 0 0 5 0 0 0 
   127	  150 56 55 152 	4    2 1	8 0 0 0 5 0 0 0 
   128	  231 234 237 229 	4    2 1	11 0 0 0 5 0 0 0 
   129	  237 238 236 232 	4    2 1	11 0 0 0 5 0 0 0 
   130	  236 225 226 228 	4    2 1	11 0 0 0 5 0 0 0 
   131	  226 189 188 187 	4    2 1	11 0 0 0 5 0 0 0 
   132	  188 176 174 173 	4    2 1	11 0 0 0 5 0 0 0 
   133	  174 163 161 162 	4    2 1	11 0 0 0 5 0 0 0 
   134	  161 159 177 162 	4    2 1	11 0 0 0 5 0 0 0 
   135	  177 178 204 180 	4    2 1	11 0 0 0 5 0 0 0 
   136	  204 206 212 203 	4    2 1	11 0 0 0 5 0 0 0 
   137	  212 207 208 209 	4    2 1	11 0 0 0 5 0 0 0 
   138	  231 237 230 229 	4    2 1	11 0 0 0 5 0 0 0 
   139	  237 236 226 228 	4    2 1	11 0 0 0 5 0 0 0 
   140	  226 188 230 187 	4    2 1	11 0 0 0 5 0 0 0 
   141	  188 174 201 173 	4    2 1	11 0 0 0 5 0 0 0 
   142	  174 161 177 162 	4    2 1	11 0 0 0 5 0 0 0 
   143	  177 204 201 180 	4    2 1	11 0 0 0 5 0 0 0 
   144	  204 212 213 203 	4    2 1	11 0 0 0 5 0 0 0 
   145	  212 208 211 209 	4    2 1	11 0 0 0 5 0 0 0 
   146	  214 231 230 215 	4    2 1	11 0 0 0 5 0 0 0 
   147	  230 188 201 186 	4    2 1	11 0 0 0 5 0 0 0 
   148	  201 174 177 172 	4    2 1	11 0 0 0 5 0 0 0 
   149	  201 204 213 200 	4    2 1	11 0 0 0 5 0 0 0 
   150	  213 212 211 210 	4    2 1	11 0 0 0 5 0 0 0 
   151	  214 230 202 215 	4    2 1	11 0 0 0 5 0 0 0 
   152	  230 201 202 197 	4    2 1	11 0 0 0 5 0 0 0 
   153	  201 213 202 200 	4    2 1	11 0 0 0 5 0 0 0 
   154	  102 84 100 107 	4    2 1	12 0 0 0 5 0 0 0 
   155	  101 100 97 99 	4    2 1	12 0 0 0 5 0 0 0 
   156	   96 97 95 112 	4    2 1	12 0 0 0 5 0 0 0 
   157	   35 36 34 43 	4    2 1	12 0 0 0 5 0 0 0 
   158	    8 34 7 32 	4    2 1	12 0 0 0 5 0 0 0 
   159	    1 7 4 6 	4    2 1	12 0 0 0 5 0 0 0 
   160	   89 95 86 94 	4    2 1	12 0 0 0 5 0 0 0 
   161	   76 86 65 80 	4    2 1	12 0 0 0 5 0 0 0 
   162	   64 65 48 62 	4    2 1	12 0 0 0 5 0 0 0 
   163	   41 48 36 43 	4    2 1	12 0 0 0 5 0 0 0 
   164	   10 5 11 13 	4    2 1	12 0 0 0 5 0 0 0 
   165	  100 84 83 107 	4    2 1	12 0 0 0 5 0 0 0 
   166	   97 100 85 99 	4    2 1	12 0 0 0 5 0 0 0 
   167	   95 97 86 94 	4    2 1	12 0 0 0 5 0 0 0 
   168	   34 36 48 43 	4    2 1	12 0 0 0 5 0 0 0 
   169	    7 34 26 32 	4    2 1	12 0 0 0 5 0 0 0 
   170	    4 7 11 6 	4    2 1	12 0 0 0 5 0 0 0 
   171	   65 86 66 80 	4    2 1	12 0 0 0 5 0 0 0 
   172	   26 48 66 63 	4    2 1	12 0 0 0 5 0 0 0 
   173	   13 11 4 5 	4    2 1	0 0 12 0 0 0 5 0 
   174	   10 11 83 19 	4    2 1	12 0 0 0 5 0 0 0 
   175	  100 83 85 87 	4    2 1	12 0 0 0 5 0 0 0 
   176	   99 86 85 97 	4    2 1	0 0 12 0 0 0 5 0 
   177	   34 48 26 63 	4    2 1	12 0 0 0 5 0 0 0 
   178	    7 26 11 25 	4    2 1	12 0 0 0 5 0 0 0 
   179	   80 85 66 70 	4    2 1	0 0 0 0 0 0 0 0 
   180	   48 65 66 62 	4    2 1	12 0 0 0 5 0 0 0 
   181	   83 11 67 22 	4    2 1	12 0 0 0 5 0 0 0 
   182	   85 83 67 87 	4    2 1	12 0 0 0 5 0 0 0 
   183	   11 26 67 25 	4    2 1	12 0 0 0 5 0 0 0 
   184	   66 85 67 70 	4    2 1	12 0 0 0 5 0 0 0 
   185	   26 66 67 63 	4    2 1	12 0 0 0 5 0 0 0 
   186	  224 236 233 232 	4    2 1	0 0 0 0 0 0 0 0 
   187	  225 236 224 228 	4    2 1	0 0 0 0 0 0 0 0 
   188	  190 226 225 228 	4    2 1	0 0 0 0 0 0 0 0 
   189	  189 226 190 187 	4    2 1	0 0 0 0 0 0 0 0 
   190	  175 188 189 187 	4    2 1	0 0 0 0 0 0 0 0 
   191	  176 188 175 173 	4    2 1	0 0 0 0 0 0 0 0 
   192	  164 174 176 173 	4    2 1	0 0 0 0 0 0 0 0 
   193	  163 174 164 162 	4    2 1	0 0 0 0 0 0 0 0 
   194	  156 161 163 162 	4    2 1	0 0 0 0 0 0 0 0 
   195	  159 156 155 154 	4    2 1	0 0 0 8 0 0 0 5 
   196	  153 154 156 158 	4    2 1	0 0 0 0 0 0 0 0 
   197	  157 148 153 158 	4    2 1	0 0 0 0 0 0 0 0 
   198	   75 148 157 124 	4    2 1	0 0 0 0 0 0 0 0 
   199	   74 53 75 124 	4    2 1	0 0 0 0 0 0 0 0 
   200	   50 53 74 52 	4    2 1	0 0 0 0 0 0 0 0 
   201	   51 47 50 52 	4    2 1	0 0 0 0 0 0 0 0 
   202	   39 47 51 42 	4    2 1	0 0 0 0 0 0 0 0 
   203	   40 38 39 42 	4    2 1	0 0 0 0 0 0 0 0 
   204	   35 40 37 36 	4    2 1	0 0 0 12 0 0 0 5 
   205	   41 36 40 43 	4    2 1	0 0 0 0 0 0 0 0 
   206	   61 48 41 43 	4    2 1	0 0 0 0 0 0 0 0 
   207	   64 48 61 62 	4    2 1	0 0 0 0 0 0 0 0 
   208	   77 65 64 62 	4    2 1	0 0 0 0 0 0 0 0 
   209	   76 65 77 80 	4    2 1	0 0 0 0 0 0 0 0 
   210	   90 86 76 80 	4    2 1	0 0 0 0 0 0 0 0 
   211	   89 86 90 94 	4    2 1	0 0 0 0 0 0 0 0 
   212	   92 95 89 94 	4    2 1	0 0 0 0 0 0 0 0 
   213	   93 95 92 98 	4    2 1	0 0 0 0 0 0 0 0 
   214	  108 98 92 103 	4    2 1	0 0 0 0 0 0 0 0 
   215	  109 136 108 103 	4    2 1	0 0 0 0 0 0 0 0 
   216	  138 136 109 137 	4    2 1	0 0 0 0 0 0 0 0 
   217	  139 141 138 137 	4    2 1	0 0 0 0 0 0 0 0 
   218	  143 141 139 145 	4    2 1	0 0 0 0 0 0 0 0 
   219	  182 221 143 145 	4    2 1	0 0 0 0 0 0 0 0 
   220	  222 221 182 227 	4    2 1	0 0 0 0 0 0 0 0 
   221	  224 232 222 227 	4    2 1	0 0 0 0 0 0 0 0 
   222	  224 228 227 182 	4    2 1	0 0 0 0 0 0 0 0 
   223	  164 173 175 167 	4    2 1	0 0 0 0 0 0 0 0 
   224	  157 158 156 162 	4    2 1	0 0 0 0 0 0 0 0 
   225	   74 124 157 123 	4    2 1	0 0 0 0 0 0 0 0 
   226	   51 52 74 60 	4    2 1	0 0 0 0 0 0 0 0 
   227	   40 42 51 43 	4    2 1	0 0 0 0 0 0 0 0 
   228	   77 62 61 69 	4    2 1	0 0 0 0 0 0 0 0 
   229	   92 94 90 103 	4    2 1	0 0 0 0 0 0 0 0 
   230	  182 145 139 146 	4    2 1	0 0 0 0 0 0 0 0 
   231	  228 182 181 227 	4    2 1	0 0 0 0 0 0 0 0 
   232	  169 187 190 181 	4    2 1	0 0 0 0 0 0 0 0 
   233	  175 187 169 168 	4    2 1	0 0 0 0 0 0 0 0 
   234	  164 167 165 166 	4    2 1	0 0 0 0 0 0 0 0 
   235	  157 162 164 166 	4    2 1	0 0 0 0 0 0 0 0 
   236	  165 123 157 166 	4    2 1	0 0 0 0 0 0 0 0 
   237	   74 123 165 73 	4    2 1	0 0 0 0 0 0 0 0 
   238	   78 60 74 73 	4    2 1	0 0 0 0 0 0 0 0 
   239	   51 60 78 59 	4    2 1	0 0 0 0 0 0 0 0 
   240	   61 43 51 59 	4    2 1	0 0 0 0 0 0 0 0 
   241	   78 69 61 59 	4    2 1	0 0 0 0 0 0 0 0 
   242	   91 80 77 110 	4    2 1	0 0 0 0 0 0 0 0 
   243	   90 80 91 104 	4    2 1	0 0 0 0 0 0 0 0 
   244	  109 103 90 104 	4    2 1	0 0 0 0 0 0 0 0 
   245	  135 137 109 104 	4    2 1	0 0 0 0 0 0 0 0 
   246	  139 137 135 146 	4    2 1	0 0 0 0 0 0 0 0 
   247	  135 181 182 146 	4    2 1	0 0 0 0 0 0 0 0 
   248	  175 168 165 167 	4    2 1	0 0 0 0 0 0 0 0 
   249	   78 73 165 79 	4    2 1	0 0 0 0 0 0 0 0 
   250	   77 110 78 91 	4    2 1	0 0 0 4 0 0 0 5 
   251	  135 104 91 110 	4    2 1	0 0 0 0 0 0 0 0 
   252	  134 168 169 181 	4    2 1	0 0 0 0 0 0 0 0 
   253	  165 168 134 79 	4    2 1	0 0 0 0 0 0 0 0 
   254	   78 79 134 110 	4    2 1	0 0 0 0 0 0 0 0 
   255	  135 110 134 181 	4    2 1	0 0 0 0 0 0 0 0 
   256	  111 100 101 99 	4    2 1	0 0 0 0 0 0 0 0 
   257	  102 100 111 107 	4    2 1	0 0 0 0 0 0 0 0 
   258	  101 97 112 99 	4    2 1	0 0 0 0 0 0 0 0 
   259	  235 237 234 229 	4    2 1	0 0 0 0 0 0 0 0 
   260	  234 231 223 229 	4    2 1	0 0 0 0 0 0 0 0 
   261	  111 99 112 113 	4    2 1	0 0 0 0 0 0 0 0 
   262	  112 95 98 94 	4    2 1	0 0 0 0 0 0 0 0 
   263	  227 237 232 235 	4    2 1	0 0 0 0 0 0 0 0 
   264	  235 229 223 219 	4    2 1	0 0 0 0 0 0 0 0 
   265	  117 107 111 120 	4    2 1	0 0 0 0 0 0 0 0 
   266	  106 107 117 119 	4    2 1	0 0 0 0 0 0 0 0 
   267	  112 103 136 113 	4    2 1	0 0 0 0 0 0 0 0 
   268	   98 103 112 94 	4    2 1	0 0 0 0 0 0 0 0 
   269	  140 137 141 144 	4    2 1	0 0 0 0 0 0 0 0 
   270	  136 137 140 113 	4    2 1	0 0 0 0 0 0 0 0 
   271	  220 145 221 219 	4    2 1	0 0 0 0 0 0 0 0 
   272	  141 145 220 144 	4    2 1	0 0 0 0 0 0 0 0 
   273	  237 227 232 236 	4    2 1	0 0 0 0 0 0 0 0 
   274	  221 227 235 219 	4    2 1	0 0 0 0 0 0 0 0 
   275	  111 120 140 117 	4    2 1	0 0 0 7 0 0 0 5 
   276	  144 140 142 220 	4    2 1	0 0 7 0 0 0 5 0 
   277	  223 218 220 219 	4    2 1	0 0 0 0 0 0 0 0 
   278	  144 120 142 140 	4    2 1	0 0 0 0 0 0 0 0 
   279	  117 120 142 119 	4    2 1	0 0 0 0 0 0 0 0 
   280	  144 218 220 142 	4    2 1	0 0 0 0 0 0 0 0 
   281	    2 4 0 3 	4    2 1	0 0 0 0 0 0 0 0 
   282	    1 4 2 6 	4    2 1	0 0 0 0 0 0 0 0 
   283	    9 7 1 6 	4    2 1	0 0 0 0 0 0 0 0 
   284	    8 7 9 32 	4    2 1	0 0 0 0 0 0 0 0 
   285	   33 34 8 32 	4    2 1	0 0 0 0 0 0 0 0 
   286	   35 34 33 42 	4    2 1	0 0 0 0 0 0 0 0 
   287	   43 35 40 42 	4    2 1	0 0 0 0 0 0 0 0 
   288	  160 177 159 158 	4    2 1	0 0 0 0 0 0 0 0 
   289	  178 177 160 180 	4    2 1	0 0 0 0 0 0 0 0 
   290	  179 204 178 180 	4    2 1	0 0 0 0 0 0 0 0 
   291	  206 204 179 203 	4    2 1	0 0 0 0 0 0 0 0 
   292	  205 212 206 203 	4    2 1	0 0 0 0 0 0 0 0 
   293	  207 212 205 209 	4    2 1	0 0 0 0 0 0 0 0 
   294	    9 6 2 14 	4    2 1	0 0 0 0 0 0 0 0 
   295	  205 203 179 193 	4    2 1	0 0 0 0 0 0 0 0 
   296	   46 32 9 54 	4    2 1	0 0 0 0 0 0 0 0 
   297	   33 32 46 45 	4    2 1	0 0 0 0 0 0 0 0 
   298	   47 42 33 45 	4    2 1	0 0 0 0 0 0 0 0 
   299	  160 158 148 152 	4    2 1	0 0 0 0 0 0 0 0 
   300	  150 180 160 152 	4    2 1	0 0 0 0 0 0 0 0 
   301	  179 180 150 151 	4    2 1	0 0 0 0 0 0 0 0 
   302	   52 56 46 47 	4    2 1	0 0 8 0 0 0 5 0 
   303	   53 52 56 124 	4    2 1	0 0 0 0 0 0 0 0 
   304	   56 152 148 124 	4    2 1	0 0 0 0 0 0 0 0 
   305	   17 149 55 24 	4    2 1	0 0 0 0 0 0 0 0 
   306	    9 54 16 46 	4    2 1	0 0 0 8 0 0 0 5 
   307	   52 45 47 46 	4    2 1	0 0 0 0 0 0 0 0 
   308	  179 151 149 193 	4    2 1	0 0 0 0 0 0 0 0 
   309	   55 24 149 151 	4    2 1	0 0 0 0 0 0 0 0 
   310	   17 54 24 55 	4    2 1	0 0 0 0 0 0 0 0 
   311	   46 54 55 57 	4    2 1	0 0 0 0 0 0 0 0 
   312	   55 151 150 152 	4    2 1	0 0 0 0 0 0 0 0 
   313	   56 57 55 152 	4    2 1	0 0 0 0 0 0 0 0 
   314	  227 237 228 236 	4    2 1	0 0 0 0 0 0 0 0 
   315	  177 162 159 158 	4    2 1	0 0 0 0 0 0 0 0 
   316	  214 216 231 215 	4    2 1	0 0 0 0 0 0 0 0 
   317	  228 229 230 237 	4    2 1	0 0 0 0 0 0 0 0 
   318	  231 229 230 215 	4    2 1	0 0 0 0 0 0 0 0 
   319	  228 230 226 237 	4    2 1	0 0 11 0 0 0 5 0 
   320	  230 187 188 186 	4    2 1	0 0 0 0 0 0 0 0 
   321	  228 230 187 226 	4    2 1	0 0 0 0 0 0 0 0 
   322	  201 173 174 172 	4    2 1	0 0 0 0 0 0 0 0 
   323	  188 173 201 186 	4    2 1	0 0 0 0 0 0 0 0 
   324	  174 162 177 172 	4    2 1	0 0 0 0 0 0 0 0 
   325	  201 180 204 200 	4    2 1	0 0 0 0 0 0 0 0 
   326	  177 180 201 172 	4    2 1	0 0 0 0 0 0 0 0 
   327	  213 203 212 210 	4    2 1	0 0 0 0 0 0 0 0 
   328	  204 203 213 200 	4    2 1	0 0 0 0 0 0 0 0 
   329	  212 209 211 210 	4    2 1	0 0 0 0 0 0 0 0 
   330	  230 186 201 197 	4    2 1	0 0 0 0 0 0 0 0 
   331	  202 215 230 197 	4    2 1	0 0 0 0 0 0 0 0 
   332	  214 215 202 198 	4    2 1	0 0 0 0 0 0 0 0 
   333	  202 197 201 200 	4    2 1	0 0 0 0 0 0 0 0 
   334	  202 200 213 199 	4    2 1	0 0 0 0 0 0 0 0 
   335	   95 112 97 94 	4    2 1	0 0 0 0 0 0 0 0 
   336	   35 43 34 42 	4    2 1	0 0 0 0 0 0 0 0 
   337	   13 3 4 12 	4    2 1	0 0 0 0 0 0 0 0 
   338	   11 13 4 12 	4    2 1	0 0 0 0 0 0 0 0 
   339	   10 13 11 19 	4    2 1	0 0 0 0 0 0 0 0 
   340	  100 107 83 87 	4    2 1	0 0 0 0 0 0 0 0 
   341	   85 99 100 87 	4    2 1	0 0 0 0 0 0 0 0 
   342	   99 85 86 88 	4    2 1	0 0 0 0 0 0 0 0 
   343	   99 94 88 86 	4    2 1	0 0 0 0 0 0 0 0 
   344	   44 34 48 43 	4    2 1	0 0 0 0 0 0 0 0 
   345	   26 32 34 63 	4    2 1	0 0 0 0 0 0 0 0 
   346	    7 32 26 25 	4    2 1	0 0 0 0 0 0 0 0 
   347	   11 6 7 25 	4    2 1	0 0 0 0 0 0 0 0 
   348	    4 6 11 12 	4    2 1	0 0 0 0 0 0 0 0 
   349	   80 66 85 86 	4    2 1	0 0 12 0 0 0 5 0 
   350	   65 80 66 62 	4    2 1	0 0 0 0 0 0 0 0 
   351	   66 63 48 62 	4    2 1	0 0 0 0 0 0 0 0 
   352	   83 19 11 22 	4    2 1	0 0 0 0 0 0 0 0 
   353	   80 88 86 85 	4    2 1	0 0 0 0 0 0 0 0 
   354	   67 22 11 25 	4    2 1	0 0 0 0 0 0 0 0 
   355	   81 83 67 22 	4    2 1	0 0 0 0 0 0 0 0 
   356	   85 87 67 70 	4    2 1	0 0 0 0 0 0 0 0 
   357	   67 25 26 63 	4    2 1	0 0 0 0 0 0 0 0 
   358	   66 70 67 63 	4    2 1	0 0 0 0 0 0 0 0 
   359	  227 236 224 232 	4    2 1	0 0 0 0 0 0 0 0 
   360	  226 228 190 187 	4    2 1	0 0 0 0 0 0 0 0 
   361	  188 187 175 173 	4    2 1	0 0 0 0 0 0 0 0 
   362	  174 173 164 162 	4    2 1	0 0 0 0 0 0 0 0 
   363	  159 162 156 158 	4    2 1	0 0 0 0 0 0 0 0 
   364	  162 159 156 161 	4    2 1	0 0 0 0 0 0 0 0 
   365	  148 158 157 124 	4    2 1	0 0 0 0 0 0 0 0 
   366	   53 124 74 52 	4    2 1	0 0 0 0 0 0 0 0 
   367	   47 52 51 42 	4    2 1	0 0 0 0 0 0 0 0 
   368	   35 42 38 40 	4    2 1	0 0 0 0 0 0 0 0 
   369	   35 43 40 36 	4    2 1	0 0 0 0 0 0 0 0 
   370	   48 43 61 62 	4    2 1	0 0 0 0 0 0 0 0 
   371	   65 62 77 80 	4    2 1	0 0 0 0 0 0 0 0 
   372	   86 80 90 94 	4    2 1	0 0 0 0 0 0 0 0 
   373	   95 94 92 98 	4    2 1	0 0 0 0 0 0 0 0 
   374	   92 103 98 94 	4    2 1	0 0 0 0 0 0 0 0 
   375	  136 103 109 137 	4    2 1	0 0 0 0 0 0 0 0 
   376	  141 137 139 145 	4    2 1	0 0 0 0 0 0 0 0 
   377	  221 145 182 227 	4    2 1	0 0 0 0 0 0 0 0 
   378	  227 224 236 228 	4    2 1	0 0 0 0 0 0 0 0 
   379	  228 181 182 190 	4    2 1	0 0 0 0 0 0 0 0 
   380	  175 167 173 187 	4    2 1	0 0 0 0 0 0 0 0 
   381	  166 173 164 167 	4    2 1	0 0 0 0 0 0 0 0 
   382	  158 162 157 166 	4    2 1	0 0 0 0 0 0 0 0 
   383	  166 124 157 158 	4    2 1	0 0 0 0 0 0 0 0 
   384	  124 123 74 60 	4    2 1	0 0 0 0 0 0 0 0 
   385	   74 60 52 124 	4    2 1	0 0 0 0 0 0 0 0 
   386	   59 52 51 60 	4    2 1	0 0 0 0 0 0 0 0 
   387	   51 43 42 59 	4    2 1	0 0 0 0 0 0 0 0 
   388	   59 62 61 43 	4    2 1	0 0 0 0 0 0 0 0 
   389	   62 69 77 80 	4    2 1	0 0 0 0 0 0 0 0 
   390	   90 103 94 104 	4    2 1	0 0 0 0 0 0 0 0 
   391	  139 146 145 137 	4    2 1	0 0 0 0 0 0 0 0 
   392	  182 146 181 227 	4    2 1	0 0 0 0 0 0 0 0 
   393	  146 182 145 227 	4    2 1	0 0 0 0 0 0 0 0 
   394	  190 181 187 228 	4    2 1	0 0 0 0 0 0 0 0 
   395	  187 181 169 168 	4    2 1	0 0 0 0 0 0 0 0 
   396	  187 168 175 167 	4    2 1	0 0 0 0 0 0 0 0 
   397	  165 166 167 168 	4    2 1	0 0 0 0 0 0 0 0 
   398	  173 166 164 162 	4    2 1	0 0 0 0 0 0 0 0 
   399	  124 166 157 123 	4    2 1	0 0 0 0 0 0 0 0 
   400	  123 166 165 168 	4    2 1	0 0 0 0 0 0 0 0 
   401	  165 73 123 79 	4    2 1	0 0 0 0 0 0 0 0 
   402	  123 73 74 60 	4    2 1	0 0 0 0 0 0 0 0 
   403	   60 73 78 72 	4    2 1	0 0 0 0 0 0 0 0 
   404	   78 59 60 72 	4    2 1	0 0 0 0 0 0 0 0 
   405	   52 59 51 42 	4    2 1	0 0 0 0 0 0 0 0 
   406	   62 59 61 69 	4    2 1	0 0 0 0 0 0 0 0 
   407	   69 59 78 72 	4    2 1	0 0 0 0 0 0 0 0 
   408	   77 110 80 69 	4    2 1	0 0 0 0 0 0 0 0 
   409	   80 110 91 104 	4    2 1	0 0 0 0 0 0 0 0 
   410	   80 104 90 94 	4    2 1	0 0 0 0 0 0 0 0 
   411	  103 104 109 137 	4    2 1	0 0 0 0 0 0 0 0 
   412	  137 104 135 133 	4    2 1	0 0 0 0 0 0 0 0 
   413	  135 146 137 133 	4    2 1	0 0 0 0 0 0 0 0 
   414	  181 146 135 133 	4    2 1	0 0 0 0 0 0 0 0 
   415	   73 79 78 72 	4    2 1	0 0 0 0 0 0 0 0 
   416	   78 110 69 72 	4    2 1	0 0 0 0 0 0 0 0 
   417	  104 110 135 133 	4    2 1	0 0 0 0 0 0 0 0 
   418	  168 181 134 110 	4    2 1	0 0 0 0 0 0 0 0 
   419	  134 79 168 110 	4    2 1	0 0 0 0 0 0 0 0 
   420	  168 79 165 123 	4    2 1	0 0 0 0 0 0 0 0 
   421	   79 110 78 72 	4    2 1	0 0 0 0 0 0 0 0 
   422	  110 181 135 133 	4    2 1	0 0 0 0 0 0 0 0 
   423	  100 99 111 107 	4    2 1	0 0 0 0 0 0 0 0 
   424	  112 99 97 94 	4    2 1	0 0 0 0 0 0 0 0 
   425	  227 229 228 237 	4    2 1	0 0 0 0 0 0 0 0 
   426	  231 216 223 229 	4    2 1	0 0 0 0 0 0 0 0 
   427	   94 112 113 103 	4    2 1	0 0 0 0 0 0 0 0 
   428	   99 113 111 107 	4    2 1	0 0 0 0 0 0 0 0 
   429	  223 219 229 216 	4    2 1	0 0 0 0 0 0 0 0 
   430	  229 219 235 227 	4    2 1	0 0 0 0 0 0 0 0 
   431	  111 120 107 113 	4    2 1	0 0 0 0 0 0 0 0 
   432	  107 120 117 119 	4    2 1	0 0 0 0 0 0 0 0 
   433	  136 113 103 137 	4    2 1	0 0 0 0 0 0 0 0 
   434	  112 94 113 99 	4    2 1	0 0 0 0 0 0 0 0 
   435	  141 144 137 145 	4    2 1	0 0 0 0 0 0 0 0 
   436	  137 144 140 113 	4    2 1	0 0 0 0 0 0 0 0 
   437	  221 219 145 227 	4    2 1	0 0 0 0 0 0 0 0 
   438	  145 219 220 144 	4    2 1	0 0 0 0 0 0 0 0 
   439	  229 227 235 237 	4    2 1	0 0 0 0 0 0 0 0 
   440	  216 218 223 219 	4    2 1	0 0 0 0 0 0 0 0 
   441	  140 120 113 144 	4    2 1	0 0 0 0 0 0 0 0 
   442	  218 144 121 142 	4    2 1	0 0 0 0 0 0 0 0 
   443	  219 218 220 144 	4    2 1	0 0 0 0 0 0 0 0 
   444	  120 121 142 218 	4    2 1	0 0 0 0 0 0 0 0 
   445	  142 119 120 218 	4    2 1	0 0 0 0 0 0 0 0 
   446	    4 3 2 6 	4    2 1	0 0 0 0 0 0 0 0 
   447	    7 6 9 32 	4    2 1	0 0 0 0 0 0 0 0 
   448	   34 32 33 42 	4    2 1	0 0 0 0 0 0 0 0 
   449	  158 159 154 156 	4    2 1	0 0 0 0 0 0 0 0 
   450	  177 158 160 180 	4    2 1	0 0 0 0 0 0 0 0 
   451	  204 180 179 203 	4    2 1	0 0 0 0 0 0 0 0 
   452	  212 203 205 209 	4    2 1	0 0 0 0 0 0 0 0 
   453	    2 14 6 3 	4    2 1	0 0 0 0 0 0 0 0 
   454	    6 14 9 32 	4    2 1	0 0 0 0 0 0 0 0 
   455	  179 193 203 180 	4    2 1	0 0 0 0 0 0 0 0 
   456	    9 54 32 14 	4    2 1	0 0 0 0 0 0 0 0 
   457	   32 54 46 45 	4    2 1	0 0 0 0 0 0 0 0 
   458	   32 45 33 42 	4    2 1	0 0 0 0 0 0 0 0 
   459	   42 45 47 52 	4    2 1	0 0 0 0 0 0 0 0 
   460	  148 152 158 124 	4    2 1	0 0 0 0 0 0 0 0 
   461	  158 152 160 180 	4    2 1	0 0 0 0 0 0 0 0 
   462	  180 152 150 151 	4    2 1	0 0 0 0 0 0 0 0 
   463	  180 151 179 193 	4    2 1	0 0 0 0 0 0 0 0 
   464	  193 209 205 203 	4    2 1	0 0 0 0 0 0 0 0 
   465	   45 52 57 46 	4    2 1	0 0 0 0 0 0 0 0 
   466	   52 57 56 124 	4    2 1	0 0 0 0 0 0 0 0 
   467	  152 124 56 57 	4    2 1	0 0 0 0 0 0 0 0 
   468	  149 24 17 130 	4    2 1	0 0 0 0 0 0 0 0 
   469	   54 17 16 55 	4    2 1	0 0 0 0 0 0 0 0 
   470	   16 54 14 17 	4    2 1	0 0 0 0 0 0 0 0 
   471	   46 57 45 54 	4    2 1	0 0 0 0 0 0 0 0 
   472	  193 151 149 130 	4    2 1	0 0 0 0 0 0 0 0 
   473	  149 151 24 130 	4    2 1	0 0 0 0 0 0 0 0 
   474	   24 151 55 54 	4    2 1	0 0 0 0 0 0 0 0 
   475	   55 57 54 152 	4    2 1	0 0 0 0 0 0 0 0 
   476	  151 152 55 54 	4    2 1	0 0 0 0 0 0 0 0 
   477	  162 158 177 172 	4    2 1	0 0 0 0 0 0 0 0 
   478	  231 215 216 229 	4    2 1	0 0 0 0 0 0 0 0 
   479	  216 215 214 198 	4    2 1	0 0 0 0 0 0 0 0 
   480	  229 228 230 185 	4    2 1	0 0 0 0 0 0 0 0 
   481	  229 185 230 215 	4    2 1	0 0 0 0 0 0 0 0 
   482	  230 228 187 185 	4    2 1	0 0 0 0 0 0 0 0 
   483	  188 186 187 173 	4    2 1	0 0 0 0 0 0 0 0 
   484	  187 186 230 185 	4    2 1	0 0 0 0 0 0 0 0 
   485	  174 172 173 162 	4    2 1	0 0 0 0 0 0 0 0 
   486	  173 172 201 186 	4    2 1	0 0 0 0 0 0 0 0 
   487	  204 200 180 203 	4    2 1	0 0 0 0 0 0 0 0 
   488	  180 200 201 172 	4    2 1	0 0 0 0 0 0 0 0 
   489	  180 172 177 158 	4    2 1	0 0 0 0 0 0 0 0 
   490	  212 210 203 209 	4    2 1	0 0 0 0 0 0 0 0 
   491	  203 210 213 200 	4    2 1	0 0 0 0 0 0 0 0 
   492	  201 197 186 172 	4    2 1	0 0 0 0 0 0 0 0 
   493	  186 197 230 185 	4    2 1	0 0 0 0 0 0 0 0 
   494	  210 199 213 200 	4    2 1	0 0 0 0 0 0 0 0 
   495	  230 197 215 185 	4    2 1	0 0 0 0 0 0 0 0 
   496	  215 197 202 199 	4    2 1	0 0 0 0 0 0 0 0 
   497	  202 198 215 199 	4    2 1	0 0 0 0 0 0 0 0 
   498	  201 200 197 172 	4    2 1	0 0 0 0 0 0 0 0 
   499	  197 200 202 199 	4    2 1	0 0 0 0 0 0 0 0 
   500	   34 42 43 44 	4    2 1	0 0 0 0 0 0 0 0 
   501	    4 12 3 6 	4    2 1	0 0 0 0 0 0 0 0 
   502	   13 12 11 19 	4    2 1	0 0 0 0 0 0 0 0 
   503	  107 87 100 99 	4    2 1	0 0 0 0 0 0 0 0 
   504	   99 87 85 88 	4    2 1	0 0 0 0 0 0 0 0 
   505	   94 99 97 86 	4    2 1	0 0 0 0 0 0 0 0 
   506	   94 88 86 80 	4    2 1	0 0 0 0 0 0 0 0 
   507	   44 62 48 63 	4    2 1	0 0 0 0 0 0 0 0 
   508	   44 48 34 63 	4    2 1	0 0 0 0 0 0 0 0 
   509	   34 63 32 44 	4    2 1	0 0 0 0 0 0 0 0 
   510	   32 63 26 25 	4    2 1	0 0 0 0 0 0 0 0 
   511	   32 25 7 6 	4    2 1	0 0 0 0 0 0 0 0 
   512	    6 25 11 12 	4    2 1	0 0 0 0 0 0 0 0 
   513	   88 80 70 85 	4    2 1	0 0 0 0 0 0 0 0 
   514	   80 70 66 63 	4    2 1	0 0 0 0 0 0 0 0 
   515	   66 62 80 63 	4    2 1	0 0 0 0 0 0 0 0 
   516	   11 22 19 12 	4    2 1	0 0 0 0 0 0 0 0 
   517	   19 22 83 81 	4    2 1	0 0 0 0 0 0 0 0 
   518	   85 70 88 87 	4    2 1	0 0 0 0 0 0 0 0 
   519	   11 25 22 12 	4    2 1	0 0 0 0 0 0 0 0 
   520	   22 25 67 68 	4    2 1	0 0 0 0 0 0 0 0 
   521	   81 68 67 87 	4    2 1	0 0 0 0 0 0 0 0 
   522	   81 67 83 87 	4    2 1	0 0 0 0 0 0 0 0 
   523	   67 70 87 68 	4    2 1	0 0 0 0 0 0 0 0 
   524	   25 63 67 68 	4    2 1	0 0 0 0 0 0 0 0 
   525	   67 63 70 68 	4    2 1	0 0 0 0 0 0 0 0 
   526	  227 181 228 184 	4    2 1	0 0 0 0 0 0 0 0 
   527	  173 187 167 186 	4    2 1	0 0 0 0 0 0 0 0 
   528	  162 166 158 172 	4    2 1	0 0 0 0 0 0 0 0 
   529	   57 124 123 152 	4    2 1	0 0 0 0 0 0 0 0 
   530	   52 124 60 57 	4    2 1	0 0 0 0 0 0 0 0 
   531	   42 59 43 44 	4    2 1	0 0 0 0 0 0 0 0 
   532	   69 80 62 63 	4    2 1	0 0 0 0 0 0 0 0 
   533	  113 94 104 88 	4    2 1	0 0 0 0 0 0 0 0 
   534	  145 137 146 144 	4    2 1	0 0 0 0 0 0 0 0 
   535	  227 146 184 219 	4    2 1	0 0 0 0 0 0 0 0 
   536	  146 227 184 181 	4    2 1	0 0 0 0 0 0 0 0 
   537	  183 187 228 185 	4    2 1	0 0 0 0 0 0 0 0 
   538	  181 168 187 183 	4    2 1	0 0 0 0 0 0 0 0 
   539	  168 167 187 183 	4    2 1	0 0 0 0 0 0 0 0 
   540	  167 168 166 170 	4    2 1	0 0 0 0 0 0 0 0 
   541	  166 168 123 170 	4    2 1	0 0 0 0 0 0 0 0 
   542	  123 79 73 125 	4    2 1	0 0 0 0 0 0 0 0 
   543	   73 60 123 125 	4    2 1	0 0 0 0 0 0 0 0 
   544	   73 72 60 125 	4    2 1	0 0 0 0 0 0 0 0 
   545	   60 72 59 58 	4    2 1	0 0 0 0 0 0 0 0 
   546	   71 59 58 63 	4    2 1	0 0 0 0 0 0 0 0 
   547	   80 69 110 71 	4    2 1	0 0 0 0 0 0 0 0 
   548	  110 104 80 71 	4    2 1	0 0 0 0 0 0 0 0 
   549	  104 94 80 88 	4    2 1	0 0 0 0 0 0 0 0 
   550	  104 137 103 113 	4    2 1	0 0 0 0 0 0 0 0 
   551	  114 104 137 133 	4    2 1	0 0 0 0 0 0 0 0 
   552	  137 133 146 144 	4    2 1	0 0 0 0 0 0 0 0 
   553	  146 147 133 181 	4    2 1	0 0 0 0 0 0 0 0 
   554	   79 72 73 125 	4    2 1	0 0 0 0 0 0 0 0 
   555	   69 72 110 71 	4    2 1	0 0 0 0 0 0 0 0 
   556	  110 133 104 105 	4    2 1	0 0 0 0 0 0 0 0 
   557	  168 110 79 122 	4    2 1	0 0 0 0 0 0 0 0 
   558	  123 168 125 170 	4    2 1	0 0 0 0 0 0 0 0 
   559	  110 72 79 122 	4    2 1	0 0 0 0 0 0 0 0 
   560	   94 88 113 99 	4    2 1	0 0 0 0 0 0 0 0 
   561	  113 107 99 87 	4    2 1	0 0 0 0 0 0 0 0 
   562	  229 216 219 215 	4    2 1	0 0 0 0 0 0 0 0 
   563	  219 227 229 184 	4    2 1	0 0 0 0 0 0 0 0 
   564	  107 113 120 87 	4    2 1	0 0 0 0 0 0 0 0 
   565	  120 119 107 82 	4    2 1	0 0 0 0 0 0 0 0 
   566	  114 144 137 113 	4    2 1	0 0 0 0 0 0 0 0 
   567	  146 227 145 219 	4    2 1	0 0 0 0 0 0 0 0 
   568	  228 229 227 184 	4    2 1	0 0 0 0 0 0 0 0 
   569	  215 218 216 219 	4    2 1	0 0 0 0 0 0 0 0 
   570	  113 144 120 114 	4    2 1	0 0 0 0 0 0 0 0 
   571	  144 218 121 147 	4    2 1	0 0 0 0 0 0 0 0 
   572	  218 144 219 147 	4    2 1	0 0 0 0 0 0 0 0 
   573	  121 218 120 147 	4    2 1	0 0 0 0 0 0 0 0 
   574	  120 218 119 132 	4    2 1	0 0 0 0 0 0 0 0 
   575	   32 42 34 44 	4    2 1	0 0 0 0 0 0 0 0 
   576	    6 3 14 12 	4    2 1	0 0 0 0 0 0 0 0 
   577	   14 32 6 25 	4    2 1	0 0 0 0 0 0 0 0 
   578	  203 180 193 200 	4    2 1	0 0 0 0 0 0 0 0 
   579	   32 14 54 25 	4    2 1	0 0 0 0 0 0 0 0 
   580	   54 45 32 49 	4    2 1	0 0 0 0 0 0 0 0 
   581	   45 42 32 44 	4    2 1	0 0 0 0 0 0 0 0 
   582	   45 52 42 59 	4    2 1	0 0 0 0 0 0 0 0 
   583	  158 124 152 166 	4    2 1	0 0 0 0 0 0 0 0 
   584	  152 180 158 172 	4    2 1	0 0 0 0 0 0 0 0 
   585	  152 151 180 171 	4    2 1	0 0 0 0 0 0 0 0 
   586	  151 193 180 171 	4    2 1	0 0 0 0 0 0 0 0 
   587	   59 52 60 57 	4    2 1	0 0 0 0 0 0 0 0 
   588	  124 57 123 60 	4    2 1	0 0 0 0 0 0 0 0 
   589	   17 130 24 28 	4    2 1	0 0 0 0 0 0 0 0 
   590	   24 54 17 28 	4    2 1	0 0 0 0 0 0 0 0 
   591	   14 17 54 28 	4    2 1	0 0 0 0 0 0 0 0 
   592	   45 54 57 58 	4    2 1	0 0 0 0 0 0 0 0 
   593	  151 130 193 171 	4    2 1	0 0 0 0 0 0 0 0 
   594	   24 130 151 126 	4    2 1	0 0 0 0 0 0 0 0 
   595	  151 54 24 126 	4    2 1	0 0 0 0 0 0 0 0 
   596	   54 152 57 125 	4    2 1	0 0 0 0 0 0 0 0 
   597	   54 152 125 126 	4    2 1	0 0 0 0 0 0 0 0 
   598	  215 198 216 196 	4    2 1	0 0 0 0 0 0 0 0 
   599	  229 228 185 184 	4    2 1	0 0 0 0 0 0 0 0 
   600	  184 229 215 185 	4    2 1	0 0 0 0 0 0 0 0 
   601	  186 185 187 183 	4    2 1	0 0 0 0 0 0 0 0 
   602	  173 162 172 166 	4    2 1	0 0 0 0 0 0 0 0 
   603	  166 173 167 186 	4    2 1	0 0 0 0 0 0 0 0 
   604	  200 172 180 171 	4    2 1	0 0 0 0 0 0 0 0 
   605	  210 200 203 193 	4    2 1	0 0 0 0 0 0 0 0 
   606	  186 172 197 170 	4    2 1	0 0 0 0 0 0 0 0 
   607	  197 185 186 183 	4    2 1	0 0 0 0 0 0 0 0 
   608	  199 200 210 192 	4    2 1	0 0 0 0 0 0 0 0 
   609	  215 185 197 183 	4    2 1	0 0 0 0 0 0 0 0 
   610	  197 199 215 195 	4    2 1	0 0 0 0 0 0 0 0 
   611	  215 199 198 195 	4    2 1	0 0 0 0 0 0 0 0 
   612	  171 197 172 170 	4    2 1	0 0 0 0 0 0 0 0 
   613	  200 199 197 192 	4    2 1	0 0 0 0 0 0 0 0 
   614	    3 12 13 15 	4    2 1	0 0 0 0 0 0 0 0 
   615	   12 19 13 20 	4    2 1	0 0 0 0 0 0 0 0 
   616	  107 81 83 87 	4    2 1	0 0 0 0 0 0 0 0 
   617	   87 88 99 113 	4    2 1	0 0 0 0 0 0 0 0 
   618	   62 44 48 43 	4    2 1	0 0 0 0 0 0 0 0 
   619	   25 12 6 14 	4    2 1	0 0 0 0 0 0 0 0 
   620	   80 88 70 104 	4    2 1	0 0 0 0 0 0 0 0 
   621	   70 63 80 71 	4    2 1	0 0 0 0 0 0 0 0 
   622	   19 12 22 20 	4    2 1	0 0 0 0 0 0 0 0 
   623	   22 81 19 21 	4    2 1	0 0 0 0 0 0 0 0 
   624	   88 87 70 105 	4    2 1	0 0 0 0 0 0 0 0 
   625	   22 12 25 20 	4    2 1	0 0 0 0 0 0 0 0 
   626	   25 68 22 29 	4    2 1	0 0 0 0 0 0 0 0 
   627	   68 81 67 22 	4    2 1	0 0 0 0 0 0 0 0 
   628	   87 68 70 105 	4    2 1	0 0 0 0 0 0 0 0 
   629	   63 68 25 49 	4    2 1	0 0 0 0 0 0 0 0 
   630	   70 68 63 71 	4    2 1	0 0 0 0 0 0 0 0 
   631	  183 184 228 181 	4    2 1	0 0 0 0 0 0 0 0 
   632	  167 186 187 183 	4    2 1	0 0 0 0 0 0 0 0 
   633	  173 166 172 186 	4    2 1	0 0 0 0 0 0 0 0 
   634	  158 172 166 152 	4    2 1	0 0 0 0 0 0 0 0 
   635	  124 166 123 152 	4    2 1	0 0 0 0 0 0 0 0 
   636	   57 125 123 60 	4    2 1	0 0 0 0 0 0 0 0 
   637	   52 59 45 57 	4    2 1	0 0 0 0 0 0 0 0 
   638	   43 44 59 62 	4    2 1	0 0 0 0 0 0 0 0 
   639	   59 44 42 45 	4    2 1	0 0 0 0 0 0 0 0 
   640	   59 62 63 69 	4    2 1	0 0 0 0 0 0 0 0 
   641	   80 63 69 71 	4    2 1	0 0 0 0 0 0 0 0 
   642	   94 113 104 103 	4    2 1	0 0 0 0 0 0 0 0 
   643	  146 144 219 145 	4    2 1	0 0 0 0 0 0 0 0 
   644	  219 146 147 144 	4    2 1	0 0 0 0 0 0 0 0 
   645	  183 228 187 181 	4    2 1	0 0 0 0 0 0 0 0 
   646	  168 183 181 118 	4    2 1	0 0 0 0 0 0 0 0 
   647	  167 183 168 170 	4    2 1	0 0 0 0 0 0 0 0 
   648	  166 170 186 167 	4    2 1	0 0 0 0 0 0 0 0 
   649	  166 170 123 152 	4    2 1	0 0 0 0 0 0 0 0 
   650	  168 123 125 79 	4    2 1	0 0 0 0 0 0 0 0 
   651	   60 125 72 58 	4    2 1	0 0 0 0 0 0 0 0 
   652	   59 58 57 60 	4    2 1	0 0 0 0 0 0 0 0 
   653	   71 69 72 59 	4    2 1	0 0 0 0 0 0 0 0 
   654	   80 71 104 70 	4    2 1	0 0 0 0 0 0 0 0 
   655	  104 71 110 105 	4    2 1	0 0 0 0 0 0 0 0 
   656	  104 114 137 113 	4    2 1	0 0 0 0 0 0 0 0 
   657	  146 133 147 144 	4    2 1	0 0 0 0 0 0 0 0 
   658	   72 125 79 122 	4    2 1	0 0 0 0 0 0 0 0 
   659	  110 71 122 105 	4    2 1	0 0 0 0 0 0 0 0 
   660	   69 71 63 59 	4    2 1	0 0 0 0 0 0 0 0 
   661	  104 105 133 114 	4    2 1	0 0 0 0 0 0 0 0 
   662	  133 105 110 118 	4    2 1	0 0 0 0 0 0 0 0 
   663	  181 110 118 133 	4    2 1	0 0 0 0 0 0 0 0 
   664	  110 181 118 168 	4    2 1	0 0 0 0 0 0 0 0 
   665	  168 125 122 79 	4    2 1	0 0 0 0 0 0 0 0 
   666	  110 122 168 118 	4    2 1	0 0 0 0 0 0 0 0 
   667	   71 110 122 72 	4    2 1	0 0 0 0 0 0 0 0 
   668	  215 216 218 196 	4    2 1	0 0 0 0 0 0 0 0 
   669	  120 87 113 114 	4    2 1	0 0 0 0 0 0 0 0 
   670	  107 87 120 82 	4    2 1	0 0 0 0 0 0 0 0 
   671	  119 82 120 132 	4    2 1	0 0 0 0 0 0 0 0 
   672	  114 137 144 133 	4    2 1	0 0 0 0 0 0 0 0 
   673	  146 219 147 184 	4    2 1	0 0 0 0 0 0 0 0 
   674	  215 147 196 218 	4    2 1	0 0 0 0 0 0 0 0 
   675	  120 144 147 114 	4    2 1	0 0 0 0 0 0 0 0 
   676	  144 120 147 121 	4    2 1	0 0 0 0 0 0 0 0 
   677	  120 147 218 132 	4    2 1	0 0 0 0 0 0 0 0 
   678	   14 12 3 15 	4    2 1	0 0 0 0 0 0 0 0 
   679	  193 200 180 171 	4    2 1	0 0 0 0 0 0 0 0 
   680	  210 193 203 209 	4    2 1	0 0 0 0 0 0 0 0 
   681	   54 25 14 23 	4    2 1	0 0 0 0 0 0 0 0 
   682	   32 25 54 49 	4    2 1	0 0 0 0 0 0 0 0 
   683	   32 49 45 44 	4    2 1	0 0 0 0 0 0 0 0 
   684	   45 49 54 58 	4    2 1	0 0 0 0 0 0 0 0 
   685	  180 172 152 171 	4    2 1	0 0 0 0 0 0 0 0 
   686	  152 126 171 125 	4    2 1	0 0 0 0 0 0 0 0 
   687	  130 191 193 192 	4    2 1	0 0 0 0 0 0 0 0 
   688	   59 57 58 45 	4    2 1	0 0 0 0 0 0 0 0 
   689	   57 123 125 152 	4    2 1	0 0 0 0 0 0 0 0 
   690	   24 28 130 126 	4    2 1	0 0 0 0 0 0 0 0 
   691	   14 28 54 23 	4    2 1	0 0 0 0 0 0 0 0 
   692	   57 58 54 125 	4    2 1	0 0 0 0 0 0 0 0 
   693	  193 171 130 192 	4    2 1	0 0 0 0 0 0 0 0 
   694	  130 171 151 126 	4    2 1	0 0 0 0 0 0 0 0 
   695	   28 54 126 24 	4    2 1	0 0 0 0 0 0 0 0 
   696	  152 54 151 126 	4    2 1	0 0 0 0 0 0 0 0 
   697	  198 196 215 195 	4    2 1	0 0 0 0 0 0 0 0 
   698	  229 184 215 219 	4    2 1	0 0 0 0 0 0 0 0 
   699	  166 186 170 172 	4    2 1	0 0 0 0 0 0 0 0 
   700	  197 171 172 200 	4    2 1	0 0 0 0 0 0 0 0 
   701	  200 193 210 192 	4    2 1	0 0 0 0 0 0 0 0 
   702	  186 170 197 183 	4    2 1	0 0 0 0 0 0 0 0 
   703	  199 192 191 194 	4    2 1	0 0 0 0 0 0 0 0 
   704	  215 183 197 195 	4    2 1	0 0 0 0 0 0 0 0 
   705	  185 183 215 184 	4    2 1	0 0 0 0 0 0 0 0 
   706	  199 195 197 192 	4    2 1	0 0 0 0 0 0 0 0 
   707	  198 195 199 194 	4    2 1	0 0 0 0 0 0 0 0 
   708	  200 192 197 171 	4    2 1	0 0 0 0 0 0 0 0 
   709	   13 15 12 20 	4    2 1	0 0 0 0 0 0 0 0 
   710	   81 31 19 21 	4    2 1	0 0 0 0 0 0 0 0 
   711	  107 81 87 82 	4    2 1	0 0 0 0 0 0 0 0 
   712	   88 113 87 114 	4    2 1	0 0 0 0 0 0 0 0 
   713	   32 63 49 44 	4    2 1	0 0 0 0 0 0 0 0 
   714	   63 32 49 25 	4    2 1	0 0 0 0 0 0 0 0 
   715	   12 14 25 15 	4    2 1	0 0 0 0 0 0 0 0 
   716	   70 104 88 105 	4    2 1	0 0 0 0 0 0 0 0 
   717	   19 20 22 21 	4    2 1	0 0 0 0 0 0 0 0 
   718	   81 21 22 29 	4    2 1	0 0 0 0 0 0 0 0 
   719	   87 105 88 114 	4    2 1	0 0 0 0 0 0 0 0 
   720	   15 20 25 12 	4    2 1	0 0 0 0 0 0 0 0 
   721	   22 20 25 29 	4    2 1	0 0 0 0 0 0 0 0 
   722	   22 29 68 81 	4    2 1	0 0 0 0 0 0 0 0 
   723	   68 29 25 49 	4    2 1	0 0 0 0 0 0 0 0 
   724	   87 81 68 105 	4    2 1	0 0 0 0 0 0 0 0 
   725	   70 105 68 71 	4    2 1	0 0 0 0 0 0 0 0 
   726	   68 49 63 71 	4    2 1	0 0 0 0 0 0 0 0 
   727	   27 21 18 31 	4    2 1	0 0 0 0 0 0 0 0 
   728	  132 31 30 131 	4    2 1	0 0 0 0 0 0 0 0 
   729	   21 19 18 31 	4    2 1	0 0 0 0 0 0 0 0 
   730	   27 23 28 15 	4    2 1	0 0 0 0 0 0 0 0 
   731	  184 183 228 185 	4    2 1	0 0 0 0 0 0 0 0 
   732	  186 183 167 170 	4    2 1	0 0 0 0 0 0 0 0 
   733	  170 152 172 171 	4    2 1	0 0 0 0 0 0 0 0 
   734	  123 125 152 170 	4    2 1	0 0 0 0 0 0 0 0 
   735	   44 45 59 58 	4    2 1	0 0 0 0 0 0 0 0 
   736	   62 59 63 44 	4    2 1	0 0 0 0 0 0 0 0 
   737	  104 113 88 114 	4    2 1	0 0 0 0 0 0 0 0 
   738	  146 184 147 181 	4    2 1	0 0 0 0 0 0 0 0 
   739	  181 118 183 147 	4    2 1	0 0 0 0 0 0 0 0 
   740	  183 118 168 122 	4    2 1	0 0 0 0 0 0 0 0 
   741	  168 170 183 122 	4    2 1	0 0 0 0 0 0 0 0 
   742	  152 170 172 166 	4    2 1	0 0 0 0 0 0 0 0 
   743	  168 122 125 170 	4    2 1	0 0 0 0 0 0 0 0 
   744	   71 125 58 72 	4    2 1	0 0 0 0 0 0 0 0 
   745	  125 58 60 57 	4    2 1	0 0 0 0 0 0 0 0 
   746	   71 58 59 72 	4    2 1	0 0 0 0 0 0 0 0 
   747	   58 63 59 44 	4    2 1	0 0 0 0 0 0 0 0 
   748	  104 70 71 105 	4    2 1	0 0 0 0 0 0 0 0 
   749	  133 147 144 114 	4    2 1	0 0 0 0 0 0 0 0 
   750	  181 147 133 118 	4    2 1	0 0 0 0 0 0 0 0 
   751	   71 122 116 125 	4    2 1	0 0 0 0 0 0 0 0 
   752	  122 71 72 125 	4    2 1	0 0 0 0 0 0 0 0 
   753	  133 114 105 118 	4    2 1	0 0 0 0 0 0 0 0 
   754	  105 114 104 88 	4    2 1	0 0 0 0 0 0 0 0 
   755	  110 118 105 122 	4    2 1	0 0 0 0 0 0 0 0 
   756	   71 116 122 105 	4    2 1	0 0 0 0 0 0 0 0 
   757	  147 215 219 218 	4    2 1	0 0 0 0 0 0 0 0 
   758	   87 114 120 82 	4    2 1	0 0 0 0 0 0 0 0 
   759	  120 132 82 114 	4    2 1	0 0 0 0 0 0 0 0 
   760	  218 147 196 132 	4    2 1	0 0 0 0 0 0 0 0 
   761	  114 147 120 132 	4    2 1	0 0 0 0 0 0 0 0 
   762	  200 171 193 192 	4    2 1	0 0 0 0 0 0 0 0 
   763	  130 28 191 126 	4    2 1	0 0 0 0 0 0 0 0 
   764	   15 28 14 23 	4    2 1	0 0 0 0 0 0 0 0 
   765	   14 23 25 15 	4    2 1	0 0 0 0 0 0 0 0 
   766	   29 54 25 49 	4    2 1	0 0 0 0 0 0 0 0 
   767	   45 44 49 58 	4    2 1	0 0 0 0 0 0 0 0 
   768	   54 49 116 58 	4    2 1	0 0 0 0 0 0 0 0 
   769	  152 171 126 151 	4    2 1	0 0 0 0 0 0 0 0 
   770	  193 191 210 192 	4    2 1	0 0 0 0 0 0 0 0 
   771	  191 192 130 126 	4    2 1	0 0 0 0 0 0 0 0 
   772	   54 28 126 23 	4    2 1	0 0 0 0 0 0 0 0 
   773	  125 54 126 116 	4    2 1	0 0 0 0 0 0 0 0 
   774	  130 192 171 126 	4    2 1	0 0 0 0 0 0 0 0 
   775	   54 23 126 29 	4    2 1	0 0 0 0 0 0 0 0 
   776	  215 195 196 147 	4    2 1	0 0 0 0 0 0 0 0 
   777	  196 195 198 194 	4    2 1	0 0 0 0 0 0 0 0 
   778	  147 184 215 183 	4    2 1	0 0 0 0 0 0 0 0 
   779	  197 183 170 195 	4    2 1	0 0 0 0 0 0 0 0 
   780	  199 191 192 210 	4    2 1	0 0 0 0 0 0 0 0 
   781	  183 195 215 147 	4    2 1	0 0 0 0 0 0 0 0 
   782	  197 192 195 171 	4    2 1	0 0 0 0 0 0 0 0 
   783	  195 192 199 194 	4    2 1	0 0 0 0 0 0 0 0 
   784	  170 171 197 195 	4    2 1	0 0 0 0 0 0 0 0 
   785	   21 18 19 20 	4    2 1	0 0 0 0 0 0 0 0 
   786	   30 81 31 82 	4    2 1	0 0 0 0 0 0 0 0 
   787	   87 82 81 114 	4    2 1	0 0 0 0 0 0 0 0 
   788	   63 49 44 58 	4    2 1	0 0 0 0 0 0 0 0 
   789	   20 15 25 23 	4    2 1	0 0 0 0 0 0 0 0 
   790	   22 21 20 29 	4    2 1	0 0 0 0 0 0 0 0 
   791	   21 29 81 30 	4    2 1	0 0 0 0 0 0 0 0 
   792	  105 114 87 81 	4    2 1	0 0 0 0 0 0 0 0 
   793	   20 23 25 29 	4    2 1	0 0 0 0 0 0 0 0 
   794	  115 81 29 30 	4    2 1	0 0 0 0 0 0 0 0 
   795	   54 29 25 23 	4    2 1	0 0 0 0 0 0 0 0 
   796	   29 49 68 116 	4    2 1	0 0 0 0 0 0 0 0 
   797	   68 71 105 116 	4    2 1	0 0 0 0 0 0 0 0 
   798	   63 71 49 58 	4    2 1	0 0 0 0 0 0 0 0 
   799	   49 71 68 116 	4    2 1	0 0 0 0 0 0 0 0 
   800	  194 28 27 127 	4    2 1	0 0 0 0 0 0 0 0 
   801	  191 28 194 127 	4    2 1	0 0 0 0 0 0 0 0 
   802	   23 27 20 15 	4    2 1	0 0 0 0 0 0 0 0 
   803	   27 15 18 20 	4    2 1	0 0 0 0 0 0 0 0 
   804	   21 27 18 20 	4    2 1	0 0 0 0 0 0 0 0 
   805	   29 20 27 21 	4    2 1	0 0 0 0 0 0 0 0 
   806	   27 131 194 127 	4    2 1	0 0 0 0 0 0 0 0 
   807	   31 131 27 30 	4    2 1	0 0 0 0 0 0 0 0 
   808	   27 21 31 30 	4    2 1	0 0 0 0 0 0 0 0 
   809	  181 183 184 147 	4    2 1	0 0 0 0 0 0 0 0 
   810	  152 170 125 171 	4    2 1	0 0 0 0 0 0 0 0 
   811	  183 147 118 129 	4    2 1	0 0 0 0 0 0 0 0 
   812	  118 122 183 129 	4    2 1	0 0 0 0 0 0 0 0 
   813	  183 122 170 129 	4    2 1	0 0 0 0 0 0 0 0 
   814	  170 122 125 128 	4    2 1	0 0 0 0 0 0 0 0 
   815	   54 125 58 116 	4    2 1	0 0 0 0 0 0 0 0 
   816	   71 58 125 116 	4    2 1	0 0 0 0 0 0 0 0 
   817	  147 114 133 118 	4    2 1	0 0 0 0 0 0 0 0 
   818	  122 116 125 128 	4    2 1	0 0 0 0 0 0 0 0 
   819	  105 118 114 115 	4    2 1	0 0 0 0 0 0 0 0 
   820	  105 122 118 115 	4    2 1	0 0 0 0 0 0 0 0 
   821	  105 116 122 115 	4    2 1	0 0 0 0 0 0 0 0 
   822	  184 147 215 219 	4    2 1	0 0 0 0 0 0 0 0 
   823	  115 82 132 114 	4    2 1	0 0 0 0 0 0 0 0 
   824	  132 31 82 30 	4    2 1	0 0 0 0 0 0 0 0 
   825	  196 132 147 195 	4    2 1	0 0 0 0 0 0 0 0 
   826	  147 132 114 115 	4    2 1	0 0 0 0 0 0 0 0 
   827	  191 126 28 127 	4    2 1	0 0 0 0 0 0 0 0 
   828	  116 54 29 49 	4    2 1	0 0 0 0 0 0 0 0 
   829	  171 125 126 128 	4    2 1	0 0 0 0 0 0 0 0 
   830	  192 126 191 127 	4    2 1	0 0 0 0 0 0 0 0 
   831	  126 23 28 127 	4    2 1	0 0 0 0 0 0 0 0 
   832	  171 126 192 128 	4    2 1	0 0 0 0 0 0 0 0 
   833	  126 29 23 127 	4    2 1	0 0 0 0 0 0 0 0 
   834	  195 194 196 131 	4    2 1	0 0 0 0 0 0 0 0 
   835	  170 195 183 129 	4    2 1	0 0 0 0 0 0 0 0 
   836	  191 194 192 127 	4    2 1	0 0 0 0 0 0 0 0 
   837	  195 147 183 129 	4    2 1	0 0 0 0 0 0 0 0 
   838	  195 171 192 128 	4    2 1	0 0 0 0 0 0 0 0 
   839	  171 195 170 128 	4    2 1	0 0 0 0 0 0 0 0 
   840	   81 30 31 21 	4    2 1	0 0 0 0 0 0 0 0 
   841	  115 81 30 82 	4    2 1	0 0 0 0 0 0 0 0 
   842	   27 29 30 127 	4    2 1	0 0 0 0 0 0 0 0 
   843	  115 114 105 81 	4    2 1	0 0 0 0 0 0 0 0 
   844	   81 115 29 68 	4    2 1	0 0 0 0 0 0 0 0 
   845	   29 116 68 115 	4    2 1	0 0 0 0 0 0 0 0 
   846	   54 116 29 126 	4    2 1	0 0 0 0 0 0 0 0 
   847	  115 68 81 105 	4    2 1	0 0 0 0 0 0 0 0 
   848	   68 116 105 115 	4    2 1	0 0 0 0 0 0 0 0 
   849	   49 58 71 116 	4    2 1	0 0 0 0 0 0 0 0 
   850	   27 127 28 23 	4    2 1	0 0 0 0 0 0 0 0 
   851	   20 29 27 23 	4    2 1	0 0 0 0 0 0 0 0 
   852	  195 194 127 192 	4    2 1	0 0 0 0 0 0 0 0 
   853	  131 127 27 30 	4    2 1	0 0 0 0 0 0 0 0 
   854	   29 27 30 21 	4    2 1	0 0 0 0 0 0 0 0 
   855	  125 171 170 128 	4    2 1	0 0 0 0 0 0 0 0 
   856	  118 129 147 115 	4    2 1	0 0 0 0 0 0 0 0 
   857	  122 129 118 115 	4    2 1	0 0 0 0 0 0 0 0 
   858	  170 129 122 128 	4    2 1	0 0 0 0 0 0 0 0 
   859	  116 126 125 128 	4    2 1	0 0 0 0 0 0 0 0 
   860	  114 118 147 115 	4    2 1	0 0 0 0 0 0 0 0 
   861	  116 128 122 129 	4    2 1	0 0 0 0 0 0 0 0 
   862	   81 115 114 82 	4    2 1	0 0 0 0 0 0 0 0 
   863	  122 115 116 129 	4    2 1	0 0 0 0 0 0 0 0 
   864	  115 132 82 30 	4    2 1	0 0 0 0 0 0 0 0 
   865	  196 131 132 195 	4    2 1	0 0 0 0 0 0 0 0 
   866	  147 195 132 129 	4    2 1	0 0 0 0 0 0 0 0 
   867	  132 115 147 129 	4    2 1	0 0 0 0 0 0 0 0 
   868	  126 127 192 128 	4    2 1	0 0 0 0 0 0 0 0 
   869	   23 127 29 27 	4    2 1	0 0 0 0 0 0 0 0 
   870	   29 127 126 116 	4    2 1	0 0 0 0 0 0 0 0 
   871	  195 129 170 128 	4    2 1	0 0 0 0 0 0 0 0 
   872	  195 128 192 127 	4    2 1	0 0 0 0 0 0 0 0 
   873	  194 195 127 131 	4    2 1	0 0 0 0 0 0 0 0 
   874	   30 127 29 115 	4    2 1	0 0 0 0 0 0 0 0 
   875	  116 115 29 127 	4    2 1	0 0 0 0 0 0 0 0 
   876	  127 30 131 115 	4    2 1	0 0 0 0 0 0 0 0 
   877	  115 132 131 129 	4    2 1	0 0 0 0 0 0 0 0 
   878	  126 128 116 127 	4    2 1	0 0 0 0 0 0 0 0 
   879	  132 195 131 129 	4    2 1	0 0 0 0 0 0 0 0 
   880	  129 128 195 127 	4    2 1	0 0 0 0 0 0 0 0 
   881	  195 127 131 129 	4    2 1	0 0 0 0 0 0 0 0 
   882	  129 116 127 115 	4    2 1	0 0 0 0 0 0 0 0 
   883	  132 115 131 30 	4    2 1	0 0 0 0 0 0 0 0 
   884	  127 115 131 129 	4    2 1	0 0 0 0 0 0 0 0 
   885	  116 129 127 128 	4    2 1	0 0 0 0 0 0 0 0 

     0 0 0 0 0
     1 0 0 0 0
     2 0 0 0 0
     3 0 0 0 0
     4 0 0 0 0
     5 0 0 0 0
     6 0 0 0 0
     7 0 0 0 0
     8 0 0 0 0
     9 0 0 0 0
    10 0 0 0 0
    11 0 0 0 0
    12 0 0 0 0
    13 0 0 0 0
    14 0 0 0 0
    15 0 0 0 0
    16 0 0 0 0
    17 0 0 0 0
    18 0 0 0 0
    19 0 0 0 0
    20 0 0 0 0
    21 0 0 0 0
    22 0 0 0 0
    23 0 0 0 0
    24 0 0 0 0
    25 0 0 0 0
    26 0 0 0 0
    27 0 0 0 0
    28 0 0 0 0
    29 0 0 0 0
    30 0 0 0 0
    31 0 0 0 0
    32 0 0 0 0
    33 0 0 0 0
    34 0 0 0 0
    35 0 0 0 0
    36 0 0 0 0
    37 0 0 0 0
    38 0 0 0 0
    39 0 0 0 0
    40 0 0 0 0
    41 0 0 0 0
    42 0 0 0 0
    43 0 0 0 0
    44 0 0 0 0
    45 0 0 0 0
    46 0 0 0 0
    47 0 0 0 0
    48 0 0 0 0
    49 0 0 0 0
    50 0 0 0 0
    51 0 0 0 0
    52 0 0 0 0
    53 0 0 0 0
    54 0 0 0 0
    55 0 0 0 0
    56 0 0 0 0
    57 0 0 0 0
    58 0 0 0 0
    59 0 0 0 0
    60 0 0 0 0
    61 0 0 0 0
    62 0 0 0 0
    63 0 0 0 0
    64 0 0 0 0
    65 0 0 0 0
    66 0 0 0 0
    67 0 0 0 0
    68 0 0 0 0
    69 0 0 0 0
    70 0 0 0 0
    71 0 0 0 0
    72 0 0 0 0
    73 0 0 0 0
    74 0 0 0 0
    75 0 0 0 0
    76 0 0 0 0
    77 0 0 0 0
    78 0 0 0 0
    79 0 0 0 0
    80 0 0 0 0
    81 0 0 0 0
    82 0 0 0 0
    83 0 0 0 0
    84 0 0 0 0
    85 0 0 0 0
    86 0 0 0 0
    87 0 0 0 0
    88 0 0 0 0
    89 0 0 0 0
    90 0 0 0 0
    91 0 0 0 0
    92 0 0 0 0
    93 0 0 0 0
    94 0 0 0 0
    95 0 0 0 0
    96 0 0 0 0
    97 0 0 0 0
    98 0 0 0 0
    99 0 0 0 0
   100 0 0 0 0
   101 0 0 0 0
   102 0 0 0 0
   103 0 0 0 0
   104 0 0 0 0
   105 0 0 0 0
   106 0 0 0 0
   107 0 0 0 0
   108 0 0 0 0
   109 0 0 0 0
   110 0 0 0 0
   111 0 0 0 0
   112 0 0 0 0
   113 0 0 0 0
   114 0 0 0 0
   115 0 0 0 0
   116 0 0 0 0
   117 0 0 0 0
   118 0 0 0 0
   119 0 0 0 0
   120 0 0 0 0
   121 0 0 0 0
   122 0 0 0 0
   123 0 0 0 0
   124 0 0 0 0
   125 0 0 0 0
   126 0 0 0 0
   127 0 0 0 0
   128 0 0 0 0
   129 0 0 0 0
   130 0 0 0 0
   131 0 0 0 0
   132 0 0 0 0
   133 0 0 0 0
   134 0 0 0 0
   135 0 0 0 0
   136 0 0 0 0
   137 0 0 0 0
   138 0 0 0 0
   139 0 0 0 0
   140 0 0 0 0
   141 0 0 0 0
   142 0 0 0 0
   143 0 0 0 0
   144 0 0 0 0
   145 0 0 0 0
   146 0 0 0 0
   147 0 0 0 0
   148 0 0 0 0
   149 0 0 0 0
   150 0 0 0 0
   151 0 0 0 0
   152 0 0 0 0
   153 0 0 0 0
   154 0 0 0 0
   155 0 0 0 0
   156 0 0 0 0
   157 0 0 0 0
   158 0 0 0 0
   159 0 0 0 0
   160 0 0 0 0
   161 0 0 0 0
   162 0 0 0 0
   163 0 0 0 0
   164 0 0 0 0
   165 0 0 0 0
   166 0 0 0 0
   167 0 0 0 0
   168 0 0 0 0
   169 0 0 0 0
   170 0 0 0 0
   171 0 0 0 0
   172 0 0 0 0
   173 0 0 0 0
   174 0 0 0 0
   175 0 0 0 0
   176 0 0 0 0
   177 0 0 0 0
   178 0 0 0 0
   179 0 0 0 0
   180 0 0 0 0
   181 0 0 0 0
   182 0 0 0 0
   183 0 0 0 0
   184 0 0 0 0
   185 0 0 0 0
   186 0 0 0 0
   187 0 0 0 0
   188 0 0 0 0
   189 0 0 0 0
   190 0 0 0 0
   191 0 0 0 0
   192 0 0 0 0
   193 0 0 0 0
   194 0 0 0 0
   195 0 0 0 0
   196 0 0 0 0
   197 0 0 0 0
   198 0 0 0 0
   199 0 0 0 0
   200 0 0 0 0
   201 0 0 0 0
   202 0 0 0 0
   203 0 0 0 0
   204 0 0 0 0
   205 0 0 0 0
   206 0 0 0 0
   207 0 0 0 0
   208 0 0 0 0
   209 0 0 0 0
   210 0 0 0 0
   211 0 0 0 0
   212 0 0 0 0
   213 0 0 0 0
   214 0 0 0 0
   215 0 0 0 0
   216 0 0 0 0
   217 0 0 0 0
   218 0 0 0 0
   219 0 0 0 0
   220 0 0 0 0
   221 0 0 0 0
   222 0 0 0 0
   223 0 0 0 0
   224 0 0 0 0
   225 0 0 0 0
   226 0 0 0 0
   227 0 0 0 0
   228 0 0 0 0
   229 0 0 0 0
   230 0 0 0 0
   231 0 0 0 0
   232 0 0 0 0
   233 0 0 0 0
   234 0 0 0 0
   235 0 0 0 0
   236 0 0 0 0
   237 0 0 0 0
   238 0 0 0 0
   239 0 0 0 0
   240 0 0 0 0
   241 0 0 0 0
   242 0 0 0 0
   243 0 0 0 0
   244 0 0 0 0
   245 0 0 0 0
   246 0 0 0 0
   247 0 0 0 0
   248 0 0 0 0
   249 0 0 0 0
   250 0 0 0 0
   251 0 0 0 0
   252 0 0 0 0
   253 0 0 0 0
   254 0 0 0 0
   255 0 0 0 0
   256 0 0 0 0
   257 0 0 0 0
   258 0 0 0 0
   259 0 0 0 0
   260 0 0 0 0
   261 0 0 0 0
   262 0 0 0 0
   263 0 0 0 0
   264 0 0 0 0
   265 0 0 0 0
   266 0 0 0 0
   267 0 0 0 0
   268 0 0 0 0
   269 0 0 0 0
   270 0 0 0 0
   271 0 0 0 0
   272 0 0 0 0
   273 0 0 0 0
   274 0 0 0 0
   275 0 0 0 0
   276 0 0 0 0
   277 0 0 0 0
   278 0 0 0 0
   279 0 0 0 0
   280 0 0 0 0
   281 0 0 0 0
   282 0 0 0 0
   283 0 0 0 0
   284 0 0 0 0
   285 0 0 0 0
   286 0 0 0 0
   287 0 0 0 0
   288 0 0 0 0
   289 0 0 0 0
   290 0 0 0 0
   291 0 0 0 0
   292 0 0 0 0
   293 0 0 0 0
   294 0 0 0 0
   295 0 0 0 0
   296 0 0 0 0
   297 0 0 0 0
   298 0 0 0 0
   299 0 0 0 0
   300 0 0 0 0
   301 0 0 0 0
   302 0 0 0 0
   303 0 0 0 0
   304 0 0 0 0
   305 0 0 0 0
   306 0 0 0 0
   307 0 0 0 0
   308 0 0 0 0
   309 0 0 0 0
   310 0 0 0 0
   311 0 0 0 0
   312 0 0 0 0
   313 0 0 0 0
   314 0 0 0 0
   315 0 0 0 0
   316 0 0 0 0
   317 0 0 0 0
   318 0 0 0 0
   319 0 0 0 0
   320 0 0 0 0
   321 0 0 0 0
   322 0 0 0 0
   323 0 0 0 0
   324 0 0 0 0
   325 0 0 0 0
   326 0 0 0 0
   327 0 0 0 0
   328 0 0 0 0
   329 0 0 0 0
   330 0 0 0 0
   331 0 0 0 0
   332 0 0 0 0
   333 0 0 0 0
   334 0 0 0 0
   335 0 0 0 0
   336 0 0 0 0
   337 0 0 0 0
   338 0 0 0 0
   339 0 0 0 0
   340 0 0 0 0
   341 0 0 0 0
   342 0 0 0 0
   343 0 0 0 0
   344 0 0 0 0
   345 0 0 0 0
   346 0 0 0 0
   347 0 0 0 0
   348 0 0 0 0
   349 0 0 0 0
   350 0 0 0 0
   351 0 0 0 0
   352 0 0 0 0
   353 0 0 0 0
   354 0 0 0 0
   355 0 0 0 0
   356 0 0 0 0
   357 0 0 0 0
   358 0 0 0 0
   359 0 0 0 0
   360 0 0 0 0
   361 0 0 0 0
   362 0 0 0 0
   363 0 0 0 0
   364 0 0 0 0
   365 0 0 0 0
   366 0 0 0 0
   367 0 0 0 0
   368 0 0 0 0
   369 0 0 0 0
   370 0 0 0 0
   371 0 0 0 0
   372 0 0 0 0
   373 0 0 0 0
   374 0 0 0 0
   375 0 0 0 0
   376 0 0 0 0
   377 0 0 0 0
   378 0 0 0 0
   379 0 0 0 0
   380 0 0 0 0
   381 0 0 0 0
   382 0 0 0 0
   383 0 0 0 0
   384 0 0 0 0
   385 0 0 0 0
   386 0 0 0 0
   387 0 0 0 0
   388 0 0 0 0
   389 0 0 0 0
   390 0 0 0 0
   391 0 0 0 0
   392 0 0 0 0
   393 0 0 0 0
   394 0 0 0 0
   395 0 0 0 0
   396 0 0 0 0
   397 0 0 0 0
   398 0 0 0 0
   399 0 0 0 0
   400 0 0 0 0
   401 0 0 0 0
   402 0 0 0 0
   403 0 0 0 0
   404 0 0 0 0
   405 0 0 0 0
   406 0 0 0 0
   407 0 0 0 0
   408 0 0 0 0
   409 0 0 0 0
   410 0 0 0 0
   411 0 0 0 0
   412 0 0 0 0
   413 0 0 0 0
   414 0 0 0 0
   415 0 0 0 0
   416 0 0 0 0
   417 0 0 0 0
   418 0 0 0 0
   419 0 0 0 0
   420 0 0 0 0
   421 0 0 0 0
   422 0 0 0 0
   423 0 0 0 0
   424 0 0 0 0
   425 0 0 0 0
   426 0 0 0 0
   427 0 0 0 0
   428 0 0 0 0
   429 0 0 0 0
   430 0 0 0 0
   431 0 0 0 0
   432 0 0 0 0
   433 0 0 0 0
   434 0 0 0 0
   435 0 0 0 0
   436 0 0 0 0
   437 0 0 0 0
   438 0 0 0 0
   439 0 0 0 0
   440 0 0 0 0
   441 0 0 0 0
   442 0 0 0 0
   443 0 0 0 0
   444 0 0 0 0
   445 0 0 0 0
   446 0 0 0 0
   447 0 0 0 0
   448 0 0 0 0
   449 0 0 0 0
   450 0 0 0 0
   451 0 0 0 0
   452 0 0 0 0
   453 0 0 0 0
   454 0 0 0 0
   455 0 0 0 0
   456 0 0 0 0
   457 0 0 0 0
   458 0 0 0 0
   459 0 0 0 0
   460 0 0 0 0
   461 0 0 0 0
   462 0 0 0 0
   463 0 0 0 0
   464 0 0 0 0
   465 0 0 0 0
   466 0 0 0 0
   467 0 0 0 0
   468 0 0 0 0
   469 0 0 0 0
   470 0 0 0 0
   471 0 0 0 0
   472 0 0 0 0
   473 0 0 0 0
   474 0 0 0 0
   475 0 0 0 0
   476 0 0 0 0
   477 0 0 0 0
   478 0 0 0 0
   479 0 0 0 0
   480 0 0 0 0
   481 0 0 0 0
   482 0 0 0 0
   483 0 0 0 0
   484 0 0 0 0
   485 0 0 0 0
   486 0 0 0 0
   487 0 0 0 0
   488 0 0 0 0
   489 0 0 0 0
   490 0 0 0 0
   491 0 0 0 0
   492 0 0 0 0
   493 0 0 0 0
   494 0 0 0 0
   495 0 0 0 0
   496 0 0 0 0
   497 0 0 0 0
   498 0 0 0 0
   499 0 0 0 0
   500 0 0 0 0
   501 0 0 0 0
   502 0 0 0 0
   503 0 0 0 0
   504 0 0 0 0
   505 0 0 0 0
   506 0 0 0 0
   507 0 0 0 0
   508 0 0 0 0
   509 0 0 0 0
   510 0 0 0 0
   511 0 0 0 0
   512 0 0 0 0
   513 0 0 0 0
   514 0 0 0 0
   515 0 0 0 0
   516 0 0 0 0
   517 0 0 0 0
   518 0 0 0 0
   519 0 0 0 0
   520 0 0 0 0
   521 0 0 0 0
   522 0 0 0 0
   523 0 0 0 0
   524 0 0 0 0
   525 0 0 0 0
   526 0 0 0 0
   527 0 0 0 0
   528 0 0 0 0
   529 0 0 0 0
   530 0 0 0 0
   531 0 0 0 0
   532 0 0 0 0
   533 0 0 0 0
   534 0 0 0 0
   535 0 0 0 0
   536 0 0 0 0
   537 0 0 0 0
   538 0 0 0 0
   539 0 0 0 0
   540 0 0 0 0
   541 0 0 0 0
   542 0 0 0 0
   543 0 0 0 0
   544 0 0 0 0
   545 0 0 0 0
   546 0 0 0 0
   547 0 0 0 0
   548 0 0 0 0
   549 0 0 0 0
   550 0 0 0 0
   551 0 0 0 0
   552 0 0 0 0
   553 0 0 0 0
   554 0 0 0 0
   555 0 0 0 0
   556 0 0 0 0
   557 0 0 0 0
   558 0 0 0 0
   559 0 0 0 0
   560 0 0 0 0
   561 0 0 0 0
   562 0 0 0 0
   563 0 0 0 0
   564 0 0 0 0
   565 0 0 0 0
   566 0 0 0 0
   567 0 0 0 0
   568 0 0 0 0
   569 0 0 0 0
   570 0 0 0 0
   571 0 0 0 0
   572 0 0 0 0
   573 0 0 0 0
   574 0 0 0 0
   575 0 0 0 0
   576 0 0 0 0
   577 0 0 0 0
   578 0 0 0 0
   579 0 0 0 0
   580 0 0 0 0
   581 0 0 0 0
   582 0 0 0 0
   583 0 0 0 0
   584 0 0 0 0
   585 0 0 0 0
   586 0 0 0 0
   587 0 0 0 0
   588 0 0 0 0
   589 0 0 0 0
   590 0 0 0 0
   591 0 0 0 0
   592 0 0 0 0
   593 0 0 0 0
   594 0 0 0 0
   595 0 0 0 0
   596 0 0 0 0
   597 0 0 0 0
   598 0 0 0 0
   599 0 0 0 0
   600 0 0 0 0
   601 0 0 0 0
   602 0 0 0 0
   603 0 0 0 0
   604 0 0 0 0
   605 0 0 0 0
   606 0 0 0 0
   607 0 0 0 0
   608 0 0 0 0
   609 0 0 0 0
   610 0 0 0 0
   611 0 0 0 0
   612 0 0 0 0
   613 0 0 0 0
   614 0 0 0 0
   615 0 0 0 0
   616 0 0 0 0
   617 0 0 0 0
   618 0 0 0 0
   619 0 0 0 0
   620 0 0 0 0
   621 0 0 0 0
   622 0 0 0 0
   623 0 0 0 0
   624 0 0 0 0
   625 0 0 0 0
   626 0 0 0 0
   627 0 0 0 0
   628 0 0 0 0
   629 0 0 0 0
   630 0 0 0 0
   631 0 0 0 0
   632 0 0 0 0
   633 0 0 0 0
   634 0 0 0 0
   635 0 0 0 0
   636 0 0 0 0
   637 0 0 0 0
   638 0 0 0 0
   639 0 0 0 0
   640 0 0 0 0
   641 0 0 0 0
   642 0 0 0 0
   643 0 0 0 0
   644 0 0 0 0
   645 0 0 0 0
   646 0 0 0 0
   647 0 0 0 0
   648 0 0 0 0
   649 0 0 0 0
   650 0 0 0 0
   651 0 0 0 0
   652 0 0 0 0
   653 0 0 0 0
   654 0 0 0 0
   655 0 0 0 0
   656 0 0 0 0
   657 0 0 0 0
   658 0 0 0 0
   659 0 0 0 0
   660 0 0 0 0
   661 0 0 0 0
   662 0 0 0 0
   663 0 0 0 0
   664 0 0 0 0
   665 0 0 0 0
   666 0 0 0 0
   667 0 0 0 0
   668 0 0 0 0
   669 0 0 0 0
   670 0 0 0 0
   671 0 0 0 0
   672 0 0 0 0
   673 0 0 0 0
   674 0 0 0 0
   675 0 0 0 0
   676 0 0 0 0
   677 0 0 0 0
   678 0 0 0 0
   679 0 0 0 0
   680 0 0 0 0
   681 0 0 0 0
   682 0 0 0 0
   683 0 0 0 0
   684 0 0 0 0
   685 0 0 0 0
   686 0 0 0 0
   687 0 0 0 0
   688 0 0 0 0
   689 0 0 0 0
   690 0 0 0 0
   691 0 0 0 0
   692 0 0 0 0
   693 0 0 0 0
   694 0 0 0 0
   695 0 0 0 0
   696 0 0 0 0
   697 0 0 0 0
   698 0 0 0 0
   699 0 0 0 0
   700 0 0 0 0
   701 0 0 0 0
   702 0 0 0 0
   703 0 0 0 0
   704 0 0 0 0
   705 0 0 0 0
   706 0 0 0 0
   707 0 0 0 0
   708 0 0 0 0
   709 0 0 0 0
   710 0 0 0 0
   711 0 0 0 0
   712 0 0 0 0
   713 0 0 0 0
   714 0 0 0 0
   715 0 0 0 0
   716 0 0 0 0
   717 0 0 0 0
   718 0 0 0 0
   719 0 0 0 0
   720 0 0 0 0
   721 0 0 0 0
   722 0 0 0 0
   723 0 0 0 0
   724 0 0 0 0
   725 0 0 0 0
   726 0 0 0 0
   727 0 0 0 0
   728 0 0 0 0
   729 0 0 0 0
   730 0 0 0 0
   731 0 0 0 0
   732 0 0 0 0
   733 0 0 0 0
   734 0 0 0 0
   735 0 0 0 0
   736 0 0 0 0
   737 0 0 0 0
   738 0 0 0 0
   739 0 0 0 0
   740 0 0 0 0
   741 0 0 0 0
   742 0 0 0 0
   743 0 0 0 0
   744 0 0 0 0
   745 0 0 0 0
   746 0 0 0 0
   747 0 0 0 0
   748 0 0 0 0
   749 0 0 0 0
   750 0 0 0 0
   751 0 0 0 0
   752 0 0 0 0
   753 0 0 0 0
   754 0 0 0 0
   755 0 0 0 0
   756 0 0 0 0
   757 0 0 0 0
   758 0 0 0 0
   759 0 0 0 0
   760 0 0 0 0
   761 0 0 0 0
   762 0 0 0 0
   763 0 0 0 0
   764 0 0 0 0
   765 0 0 0 0
   766 0 0 0 0
   767 0 0 0 0
   768 0 0 0 0
   769 0 0 0 0
   770 0 0 0 0
   771 0 0 0 0
   772 0 0 0 0
   773 0 0 0 0
   774 0 0 0 0
   775 0 0 0 0
   776 0 0 0 0
   777 0 0 0 0
   778 0 0 0 0
   779 0 0 0 0
   780 0 0 0 0
   781 0 0 0 0
   782 0 0 0 0
   783 0 0 0 0
   784 0 0 0 0
   785 0 0 0 0
   786 0 0 0 0
   787 0 0 0 0
   788 0 0 0 0
   789 0 0 0 0
   790 0 0 0 0
   791 0 0 0 0
   792 0 0 0 0
   793 0 0 0 0
   794 0 0 0 0
   795 0 0 0 0
   796 0 0 0 0
   797 0 0 0 0
   798 0 0 0 0
   799 0 0 0 0
   800 0 0 0 0
   801 0 0 0 0
   802 0 0 0 0
   803 0 0 0 0
   804 0 0 0 0
   805 0 0 0 0
   806 0 0 0 0
   807 0 0 0 0
   808 0 0 0 0
   809 0 0 0 0
   810 0 0 0 0
   811 0 0 0 0
   812 0 0 0 0
   813 0 0 0 0
   814 0 0 0 0
   815 0 0 0 0
   816 0 0 0 0
   817 0 0 0 0
   818 0 0 0 0
   819 0 0 0 0
   820 0 0 0 0
   821 0 0 0 0
   822 0 0 0 0
   823 0 0 0 0
   824 0 0 0 0
   825 0 0 0 0
   826 0 0 0 0
   827 0 0 0 0
   828 0 0 0 0
   829 0 0 0 0
   830 0 0 0 0
   831 0 0 0 0
   832 0 0 0 0
   833 0 0 0 0
   834 0 0 0 0
   835 0 0 0 0
   836 0 0 0 0
   837 0 0 0 0
   838 0 0 0 0
   839 0 0 0 0
   840 0 0 0 0
   841 0 0 0 0
   842 0 0 0 0
   843 0 0 0 0
   844 0 0 0 0
   845 0 0 0 0
   846 0 0 0 0
   847 0 0 0 0
   848 0 0 0 0
   849 0 0 0 0
   850 0 0 0 0
   851 0 0 0 0
   852 0 0 0 0
   853 0 0 0 0
   854 0 0 0 0
   855 0 0 0 0
   856 0 0 0 0
   857 0 0 0 0
   858 0 0 0 0
   859 0 0 0 0
   860 0 0 0 0
   861 0 0 0 0
   862 0 0 0 0
   863 0 0 0 0
   864 0 0 0 0
   865 0 0 0 0
   866 0 0 0 0
   867 0 0 0 0
   868 0 0 0 0
   869 0 0 0 0
   870 0 0 0 0
   871 0 0 0 0
   872 0 0 0 0
   873 0 0 0 0
   874 0 0 0 0
   875 0 0 0 0
   876 0 0 0 0
   877 0 0 0 0
   878 0 0 0 0
   879 0 0 0 0
   880 0 0 0 0
   881 0 0 0 0
   882 0 0 0 0
   883 0 0 0 0
   884 0 0 0 0
   885 0 0 0 0


  1.00000000e+03   1.00000000e+03   0.00000000e+00   1.00000000e+03   0.00000000e+00   0.00000000e+00   3.00000000e-01   0.00000000e+00   0.00000000e+00   1.00000000e+00   1.00000000e+00   1.00000000e+00   1.00000000e+07 	2 3 

1 
1 0 0 	0 1 0 	0 0 1 

0 0.5 0.5

0

0

0
